ra,dec
109.663521,-24.948238
107.703934,-06.366807
273.270447,-25.029964
258.560211,-21.437147
273.885742,-25.537121
273.059723,-25.401814
272.634857,-25.372976
273.320709,-25.526432
114.508102,-18.558081
281.129211,-14.449526
095.482605,-12.635770
231.586761,-26.535536
279.111389,-14.387988
251.873917,-15.423001
102.800842,-08.506069
270.852631,-19.378981
269.933624,-14.142057
270.341034,-20.133034
270.636810,-20.284492
280.621491,-00.362254
278.412354,-15.332426
274.861694,-26.697864
102.866028,-01.371109
276.335144,-27.513205
275.605957,-27.097029
119.729446,-19.234652
271.668457,-29.729284
110.320602,-16.785801
281.714996,-28.763576
259.292633,-20.721064
268.323914,-19.775726
287.467712,-06.256410
272.369537,-21.571758
272.023193,-20.693447
091.464020,-15.654110
268.610687,-20.403349
101.919891,-21.181818
281.320496,-00.477637
112.227722,-22.717022
272.673035,-07.980332
272.123962,-21.521744
272.800537,-20.492922
264.358795,-22.182324
274.433868,-25.476767
100.678940,-11.656966
273.464722,-20.563345
275.607971,-20.143055
283.810974,-00.239510
268.753449,-15.883055
274.849335,-25.578781
273.332489,-29.605307
275.045715,-19.581499
275.483642,-22.776607
278.948547,-29.833233
104.889877,-11.991330
277.897766,-14.753122
267.632111,-23.662706
274.842377,-22.832127
089.474022,-14.090406
109.161293,-14.015822
075.568604,-25.956999
116.439117,-02.001694
264.663666,-23.325153
274.868805,-18.255371
106.956749,-15.881323
108.604439,-18.912106
106.453239,-16.646526
112.287766,-05.793166
264.728271,-21.834316
270.135406,-21.653936
296.490387,-01.844512
265.215362,-20.968532
115.194687,-26.218500
267.290894,-24.850721
267.769226,-23.494991
281.966583,-22.166977
264.784332,-21.020451
281.087982,-23.352293
117.294594,-18.228060
279.847107,-04.824932
274.411041,-26.084366
269.412415,-29.768064
289.316986,-12.521238
264.582550,-20.608932
268.070282,-18.789791
264.221588,-21.438629
264.020721,-19.364021
275.646912,-03.537006
106.390739,-01.269120
107.384361,-19.827337
273.706879,-17.483673
279.462524,-04.780459
106.562408,-19.074222
268.194122,-17.952719
274.709229,-02.758198
303.365082,-17.033106
267.779663,-24.399256
268.816315,-20.897011
272.196259,-28.117340
271.164795,-22.012001
269.910217,-29.556070
092.995872,-09.049865
273.015350,-28.143400
273.481476,-22.057058
104.135620,-14.386191
287.163635,-03.914332
273.537842,-22.347792
272.806335,-17.305458
279.130249,-20.987536
278.529327,-21.153162
279.227783,-04.876059
269.338379,-29.718767
273.675354,-17.220756
250.863602,-14.199980
077.887436,-01.930414
284.875061,-01.288061
283.892242,-01.948363
101.275505,-08.472084
106.736916,-11.160956
105.672798,-02.583839
285.039337,-02.049434
279.290710,-04.672566
290.783264,-01.460532
095.417725,-24.190460
280.277191,-09.295172
105.220924,-09.002991
118.454941,-25.427954
106.433380,-22.418690
264.016632,-09.075283
254.123215,-27.328150
274.170837,-18.949295
273.909393,-20.646036
259.663971,-25.721216
094.568237,-17.042967
274.542755,-20.858757
106.213669,-11.367350
274.642029,-20.460731
093.242271,-13.510313
126.797401,-01.066925
273.218750,-23.551258
260.602386,-18.204912
269.180725,-13.765849
110.986099,-12.670571
279.935944,-10.902749
100.391205,-08.107764
116.420631,-18.908045
268.859497,-21.703928
275.826111,-24.853235
279.941467,-10.534236
263.412628,-27.110804
279.359833,-11.325330
263.564148,-27.664537
283.888794,-03.647540
108.792793,-21.896429
109.383766,-00.864979
279.547485,-10.874186
279.980286,-11.059566
273.022614,-20.349035
273.449310,-19.604193
263.978210,-26.862577
277.432648,-19.046150
269.457367,-07.887506
273.106537,-19.215796
268.993805,-16.795637
283.856354,-02.862716
113.223709,-25.601358
109.690681,-21.392187
279.054718,-02.101737
280.559418,-15.497030
263.122833,-27.467070
267.171875,-29.972147
271.672607,-15.001749
273.082916,-15.084021
302.588684,-00.224140
272.345551,-15.465660
265.791443,-14.849507
105.707664,-04.517743
284.674316,-02.336800
279.564972,-10.922092
265.166596,-14.793183
265.872284,-15.820749
272.638061,-14.681332
272.888184,-15.751968
115.360909,-25.139177
115.054535,-25.350277
271.046234,-23.052965
266.871612,-17.149965
104.442581,-01.827731
106.844902,-18.265863
273.960083,-20.913843
268.403046,-29.799955
276.847442,-20.141710
271.255005,-28.189571
269.118805,-24.007566
271.513214,-17.965794
271.642029,-26.984312
112.389824,-24.116297
265.328552,-18.644731
271.397766,-16.985468
119.872597,-26.775272
270.088013,-23.367452
270.474731,-18.056025
268.385040,-24.412102
268.346557,-21.647286
268.816742,-24.515043
277.449432,-16.737356
276.531677,-17.113754
273.532257,-27.825485
272.748505,-17.327004
271.817596,-19.446274
273.903595,-23.175520
274.423096,-27.690947
268.020599,-29.799858
272.721954,-18.949898
270.415619,-20.518940
296.130249,-00.094303
276.563995,-17.142946
295.576599,-20.546539
272.776031,-28.998792
277.885590,-28.302957
264.404480,-07.474488
271.496765,-17.125084
269.226135,-18.498035
278.738678,-25.473749
269.458282,-18.422995
277.491364,-04.995208
277.505462,-01.530878
276.438446,-13.075595
275.832794,-14.109205
283.318207,-27.231319
280.692779,-12.904075
272.902222,-16.018127
278.253754,-05.288828
279.732361,-00.394682
207.001114,-14.889224
279.135101,-00.469815
278.810882,-03.258891
280.372833,-03.240021
280.069580,-02.572428
283.346466,-18.298204
257.312408,-29.856039
280.260346,-00.693451
265.411987,-16.262924
268.852325,-22.546472
275.616577,-13.125132
279.817902,-02.605156
280.480866,-02.660826
280.564850,-02.831867
281.424225,-08.195929
220.902313,-05.176062
259.435364,-29.633373
258.136993,-15.473084
265.371796,-26.079430
280.469696,-03.145384
279.660400,-03.177889
276.257721,-23.134426
280.122833,-08.072649
280.293549,-23.278816
262.018616,-29.472529
277.670257,-04.487160
280.688416,-07.019625
279.767334,-03.404146
280.218933,-02.689778
261.896759,-28.869255
241.755005,-14.579597
287.271362,-07.191994
277.182373,-02.850328
280.209320,-07.315046
264.958404,-25.603951
289.600525,-09.504149
275.892670,-28.499195
286.152710,-21.831465
276.366791,-18.305939
276.564056,-26.126078
271.999664,-26.430132
278.849579,-17.815464
262.465851,-10.287777
270.032593,-27.737131
264.861633,-17.324890
271.623413,-25.155893
279.561340,-17.525627
271.555817,-25.316494
274.988678,-04.614938
279.079926,-17.665764
266.321899,-17.917812
271.219025,-26.284769
277.273071,-05.491953
266.803558,-18.836435
265.823029,-18.400686
275.592407,-23.567272
257.897125,-28.209677
277.681274,-06.865797
276.328644,-06.723190
272.991821,-18.022467
284.094452,-15.280015
261.521881,-26.286058
277.857330,-06.326011
278.641327,-06.435820
272.591522,-17.561371
278.178406,-07.137215
272.632874,-18.393892
273.306244,-17.991417
277.559357,-06.752612
277.339722,-06.458120
271.180847,-14.194422
275.070953,-15.579887
275.461090,-15.907132
266.641754,-25.384651
275.107391,-15.647146
275.791443,-14.753483
274.700409,-15.816768
266.386810,-26.399654
279.206451,-11.572434
266.171875,-25.724134
266.118469,-25.163515
266.691284,-25.053925
269.735229,-23.273119
271.078705,-29.030291
272.158112,-16.811254
272.506409,-16.184116
264.796112,-29.368616
264.654205,-28.292942
263.252319,-24.742483
263.177521,-21.861328
267.903351,-22.108521
274.003571,-12.838235
273.042450,-12.866726
271.008636,-28.678171
263.840637,-28.288572
273.817810,-12.346586
265.513794,-27.857861
264.207428,-29.368742
274.312256,-15.576796
274.469849,-15.503644
264.584412,-29.329248
258.323212,-29.083404
264.530396,-29.126623
264.082428,-28.980051
264.457184,-28.724842
274.868530,-12.273695
274.278503,-23.964254
256.470062,-16.571277
273.248749,-13.982766
275.504181,-12.554964
274.342529,-14.953091
264.659180,-27.923079
258.722626,-28.629667
260.225525,-15.806699
273.533630,-14.461340
270.801269,-29.242392
263.950104,-17.080971
274.722076,-12.207407
264.995239,-27.315834
274.149536,-15.546909
274.515015,-15.155837
273.581360,-15.036053
274.163391,-24.309328
273.311890,-14.635464
275.272736,-12.569581
263.404236,-28.224415
275.250763,-11.941618
278.709320,-07.704509
264.037811,-24.397400
279.063354,-06.816926
273.905487,-23.645979
280.949097,-03.588137
279.462799,-06.892170
264.442017,-24.638773
268.376526,-22.931629
269.354309,-23.074013
279.651398,-06.862713
279.347046,-06.879168
280.093262,-02.166599
281.512482,-03.309467
274.686462,-11.614411
260.897583,-22.516821
264.639435,-27.926954
282.876770,-00.652454
269.539368,-22.627214
269.085114,-22.859585
283.230713,-02.823047
282.672027,-00.185836
283.123138,-00.297638
280.684662,-02.860017
283.824066,-07.166109
263.186646,-28.400818
281.456238,-02.984573
282.575806,-03.319125
277.316650,-13.863237
277.027527,-15.912271
278.065399,-12.772054
277.612518,-11.982341
278.010742,-13.536976
277.885040,-12.343770
256.421875,-26.834261
277.629852,-13.479189
275.012451,-13.096196
276.711578,-10.277081
266.258423,-26.879671
275.015961,-13.203408
277.004364,-10.154652
281.061676,-01.991083
276.351868,-10.596781
277.978943,-09.850784
277.552490,-11.110355
277.880859,-10.237415
281.755829,-04.599313
280.946930,-02.178858
280.748779,-01.556045
281.305542,-04.526466
282.177612,-04.679146
282.396179,-09.661817
278.888245,-10.558860
282.203796,-05.113369
281.960999,-01.734049
271.460358,-15.217137
288.401428,-01.916768
274.345551,-13.249391
270.584473,-14.527670
275.298340,-14.127408
274.593964,-14.112319
275.229492,-13.679201
276.920715,-12.280686
276.856903,-12.692222
273.659973,-11.066206
277.327423,-09.606649
273.868561,-09.864936
279.460144,-09.532901
278.466766,-08.987812
281.750641,-06.421395
280.712494,-05.599083
280.860779,-06.067752
281.262909,-05.891972
280.748810,-05.917677
280.493378,-05.805357
278.678986,-09.601912
280.601044,-06.733901
264.587585,-29.950254
265.438965,-24.807569
276.864136,-15.356687
265.432434,-28.677076
275.887390,-16.638229
265.952667,-23.817608
267.901825,-28.958164
276.935211,-15.583526
268.129364,-28.530249
258.199982,-25.185045
268.207855,-28.159264
268.375641,-25.658083
269.014648,-27.560505
270.804657,-25.225044
268.761200,-27.935699
257.617523,-25.798397
279.056213,-06.806372
277.000152,-25.872801
279.776489,-06.584713
269.390777,-27.429079
268.767639,-25.784260
268.798370,-25.612196
268.126221,-27.560459
270.635132,-16.675625
283.266968,-01.860882
282.864685,-01.941354
282.630219,-01.402636
283.338104,-01.582179
263.508057,-29.863995
282.206482,-02.267644
263.557159,-29.759975
262.621460,-27.105703
261.197998,-29.071842
269.751892,-25.226087
269.707459,-25.311258
269.346374,-25.929483
268.299408,-28.293144
269.119659,-28.834802
268.710999,-28.976124
269.545257,-28.741203
269.317077,-28.994984
268.813873,-28.882921
269.028473,-28.487947
268.754150,-28.024199
269.894653,-28.763104
268.547272,-28.784185
268.549682,-28.313522
013.920267,+67.575401
095.911941,+12.279715
007.583032,+64.214134
276.975861,+09.981874
296.541229,+24.049744
296.171661,+13.052854
294.554047,+09.402532
296.533051,+24.152304
012.524775,+65.072586
282.962402,+09.408824
254.685654,+03.016876
012.565905,+65.036133
013.382522,+65.754051
012.867018,+64.947701
023.937807,+58.239250
298.429749,+14.685924
296.957062,+23.907804
297.440857,+23.518818
297.235718,+24.862484
297.751862,+24.097469
115.716980,+13.236123
095.782547,+04.175720
048.595459,+59.249168
359.044586,+72.338302
284.596252,+07.881579
282.932739,+12.684252
283.636047,+00.104002
279.463592,+47.389874
285.878967,+08.298720
035.299702,+63.605091
285.316681,+06.835615
102.799049,+13.937669
293.515320,+16.747765
285.311584,+06.960255
082.093330,+26.780985
012.448051,+63.636116
333.805206,+71.195046
285.547180,+07.846849
294.704407,+21.903902
099.733467,+54.494583
295.331787,+21.679096
350.593658,+75.502426
283.383881,+11.750415
041.724277,+69.108719
080.072952,+39.282700
278.056396,+05.081807
053.377796,+60.807007
099.984802,+13.183412
289.543366,+14.068983
099.295639,+13.682712
082.472466,+46.481373
290.271637,+10.612192
284.804626,+06.845274
095.811066,+07.835816
295.509705,+16.103533
034.062347,+61.751926
286.757507,+11.436318
083.058029,+34.100399
067.220909,+45.263439
067.824264,+45.188431
067.301147,+44.702431
044.311539,+56.121334
285.098541,+16.403399
090.507500,+13.007538
287.794739,+11.950586
287.964416,+12.496304
090.767319,+31.447508
092.358215,+21.403027
281.513611,+01.105466
290.827637,+17.752480
210.486145,+09.533513
280.450104,+02.687672
095.608864,+17.153811
095.588936,+16.573347
287.721527,+08.776389
287.906097,+11.740119
287.165192,+11.678126
258.576660,+21.372139
290.733521,+18.709047
089.210884,+48.579067
288.448273,+15.328976
350.144867,+62.136543
288.474152,+12.978756
296.123169,+14.569307
291.441192,+24.184349
296.586151,+14.702563
293.372681,+30.069433
082.277611,+69.354507
349.239929,+61.542580
350.966461,+62.111687
004.704355,+58.622841
064.397766,+50.748749
288.124817,+12.527699
064.967705,+51.740936
288.333130,+15.739934
289.725037,+17.662079
053.532074,+57.145946
052.457829,+57.025692
052.281422,+57.026028
288.069061,+12.020858
289.050690,+13.198278
288.594696,+15.686140
288.301239,+15.115948
289.350372,+13.226840
088.494812,+12.052453
071.562302,+51.638058
289.156586,+14.268189
084.239944,+35.477795
293.664947,+26.231319
263.901215,+50.411140
090.092102,+16.141090
288.357117,+14.731221
284.510590,+00.817649
284.250366,+16.107269
025.281671,+63.794155
285.200897,+05.814102
295.754517,+23.791757
294.871857,+24.168770
013.267137,+62.103229
293.538208,+25.588141
079.611442,+46.513001
284.010437,+01.148412
296.386505,+26.907816
286.839111,+11.571155
285.815918,+06.308501
293.144440,+15.946595
291.365662,+23.597597
292.040253,+16.612093
016.650679,+59.769279
295.502258,+27.446424
296.511627,+22.592581
296.916443,+23.444006
294.515533,+29.983069
287.017364,+12.247234
291.681885,+17.262640
292.942444,+28.074379
295.412201,+24.065092
291.586426,+12.437855
285.808258,+06.724422
038.521946,+37.564648
285.952850,+06.775451
281.105194,+13.615435
089.838097,+29.067129
288.592011,+10.141083
285.005035,+11.707948
289.533783,+16.224443
296.539825,+22.906496
281.092773,+24.137390
098.236633,+00.346240
009.359232,+63.797855
010.506001,+66.071526
289.340485,+16.582081
065.212959,+58.816467
014.609778,+54.160862
275.307831,+11.664510
289.891541,+09.070082
289.212372,+09.904517
292.109314,+27.289312
283.043457,+00.853376
039.027847,+63.419678
075.334641,+43.547447
289.292358,+32.056679
094.501633,+22.397041
094.176765,+22.535759
073.835236,+35.968902
094.176269,+22.545080
292.154907,+22.274364
292.508362,+21.712862
094.190834,+22.435795
296.559784,+09.687619
056.880302,+58.469585
286.244476,+16.098762
212.824173,+01.275331
291.536835,+23.479769
291.126617,+14.231809
289.834412,+16.086422
292.821259,+20.321993
134.357666,+17.347803
283.088379,+01.345051
009.765207,+65.535355
101.156959,+01.325712
292.073944,+14.118598
292.906830,+20.553339
292.616119,+20.775164
094.236939,+16.393864
292.368103,+23.404737
298.854614,+01.933783
292.239380,+21.077000
296.982666,+09.469216
288.854431,+15.941711
292.564575,+19.347712
293.433380,+19.379881
030.164414,+60.549778
292.019501,+08.072099
286.514831,+03.029221
094.402435,+22.773079
286.215759,+02.905040
229.764160,+08.138781
029.791189,+58.237675
292.691254,+02.515603
292.651367,+20.170353
037.524322,+40.117779
087.722763,+20.247885
287.054687,+04.365036
293.115723,+18.251963
286.365692,+04.332596
292.163116,+19.042902
297.393432,+21.020996
290.872559,+22.159676
092.491638,+09.875531
293.441925,+18.232401
293.054932,+18.354168
285.480591,+02.773018
029.577038,+67.223183
292.704926,+18.252937
041.683121,+59.354671
286.891937,+15.068387
292.776977,+18.051880
002.847384,+60.698074
287.789856,+07.293805
288.796478,+02.383532
289.432892,+06.308727
098.651291,+03.890898
286.704987,+06.330304
296.275360,+21.139898
281.713501,+15.293318
012.093089,+74.299278
296.385193,+28.746637
285.969849,+14.592214
294.589722,+26.985813
067.367027,+51.016949
291.579254,+16.593285
100.236519,+02.895666
087.943558,+35.371994
291.337616,+16.280829
293.137024,+15.286550
284.207947,+02.646720
235.037262,+16.053696
297.083771,+28.422811
296.696899,+15.817001
294.366150,+20.114931
295.175354,+01.016931
002.175516,+63.009350
056.489491,+35.504803
290.954102,+16.242693
288.368103,+11.674092
087.328796,+15.337702
284.544159,+02.622424
252.199509,+09.255716
294.279785,+19.325287
054.953930,+52.652862
287.180420,+14.178936
295.193054,+24.994694
282.560547,+05.260055
284.074921,+03.306877
282.338043,+04.264452
283.608307,+10.182680
287.689941,+13.762622
125.726593,+62.358807
286.077820,+01.538639
283.908051,+03.633546
011.332045,+58.505112
024.069595,+65.311058
284.721161,+03.734464
095.089035,+35.372536
280.291840,+05.610172
069.083183,+52.236587
021.090784,+32.223907
288.179474,+05.886981
070.032287,+48.855431
046.712791,+36.228641
283.891602,+02.836170
295.862671,+30.953516
221.869293,+01.026286
060.290493,+18.468946
298.510925,+12.012583
289.450226,+18.950638
289.350800,+17.955618
287.003754,+14.017304
055.208015,+49.698216
088.948013,+17.730606
001.572021,+61.566013
296.534149,+29.561365
047.450588,+64.298897
290.529022,+28.668293
295.369965,+30.116560
000.442652,+62.749264
086.713898,+23.641804
295.920929,+31.007152
086.577255,+37.368111
058.217663,+48.986599
283.150971,+00.500285
282.191742,+00.650357
284.607117,+05.241197
279.226410,+00.456447
066.592651,+44.008747
285.883820,+12.099268
095.620789,+09.230162
285.984924,+12.133373
280.744659,+17.200201
288.911072,+12.781389
026.910309,+60.699291
289.015106,+12.279409
290.729767,+21.498970
290.753784,+11.802072
283.219574,+00.561115
104.764099,+09.487475
290.453522,+19.236534
052.060833,+58.493751
283.677185,+06.121032
289.526856,+12.460961
290.979828,+20.648594
283.288177,+00.201817
293.170776,+24.867321
283.406067,+00.493059
284.541321,+05.855460
292.115753,+17.570175
019.390427,+63.368279
290.516479,+16.085634
019.057058,+64.142319
290.713257,+21.619793
292.221954,+14.540328
291.969147,+19.221027
294.446869,+23.682726
284.757324,+05.648142
291.588135,+18.230108
088.853195,+20.243946
091.362480,+25.011019
294.930603,+26.492613
066.869537,+75.407913
286.967499,+03.545174
096.854072,+28.474134
295.459839,+23.383001
291.891602,+19.413952
055.733177,+31.978311
285.390320,+14.936009
292.203217,+18.399406
286.179993,+07.838862
292.136932,+18.280050
285.434814,+13.686514
355.338135,+65.778274
291.395935,+18.114475
285.969299,+13.501140
291.172363,+18.254728
286.169372,+07.893009
288.682800,+18.115336
355.912109,+60.296192
356.540161,+64.603821
295.619324,+22.930660
294.424682,+23.197390
291.455658,+20.153666
080.209930,+31.943769
294.551117,+21.828678
288.705811,+17.917164
088.402184,+40.312839
286.822632,+07.747720
072.529129,+30.425140
288.782898,+14.671686
290.298797,+03.349411
283.923859,+07.494847
290.255371,+15.259439
286.284607,+04.474598
077.067306,+36.808033
277.437531,+45.020935
285.287811,+00.333414
285.245758,+08.940361
285.336029,+00.075942
285.783600,+00.497629
285.034271,+10.596394
283.983215,+10.155688
285.309631,+09.816747
287.610046,+10.932210
287.488159,+10.764654
288.240143,+09.902330
287.703125,+10.380188
287.940124,+10.520468
287.953857,+10.589951
290.269104,+12.077764
289.851837,+11.469772
295.077454,+28.561195
294.337738,+28.648941
284.571228,+08.488292
297.018005,+27.806238
295.044830,+28.969946
298.089600,+26.927866
298.295837,+26.809198
349.205689,+68.879189
296.052704,+26.451696
296.362824,+26.244377
296.147583,+26.231329
