0 0.0 0.0
0 0.005 1.335e-05
0 0.015 0.000788
0 0.025 0.001608
0 0.035 0.002312
0 0.045 0.003029
0 0.055 0.0049
0 0.065 0.01103
0 0.075 0.012
0 0.085 0.011894
0 0.095 0.0121
0 0.105 0.01359
0 0.115 0.01646
0 0.125 0.0176
0 0.135 0.01775
0 0.145 0.01834
0 0.155 0.02039
0 0.165 0.02385
0 0.175 0.02597
0 0.185 0.02638
0 0.195 0.0266
0 0.205 0.02707
0 0.215 0.02765
0 0.225 0.02803
0 0.235 0.02832
0 0.245 0.02829
0 0.255 0.02757
0 0.265 0.02643
0 0.275 0.02551
0 0.285 0.02512
0 0.295 0.02452
0 0.305 0.02354
0 0.315 0.02232
0 0.325 0.02138
0 0.335 0.02097
0 0.345 0.02094
0 0.355 0.02086
0 0.365 0.02069
0 0.375 0.02034
0 0.385 0.01973
0 0.395 0.0188
0 0.405 0.01778
0 0.415 0.01657
0 0.425 0.015335
0 0.435 0.01441
0 0.445 0.01356
0 0.455 0.01265
0 0.465 0.011406
0 0.475 0.01004
0 0.485 0.00958
0 0.495 0.009155
0 0.505 0.0089
0 0.515 0.00863
0 0.525 0.00846
0 0.535 0.008446
0 0.545 0.00836
0 0.555 0.00748
0 0.565 0.00573
0 0.575 0.004673
0 0.585 0.004444
0 0.595 0.00437
0 0.605 0.003937
0 0.615 0.002848
0 0.625 0.002384
0 0.635 0.002338
0 0.645 0.002329
0 0.655 0.002207
0 0.665 0.001856
0 0.675 0.001732
0 0.685 0.001735
0 0.695 0.001711
0 0.705 0.0014
0 0.715 0.0006576
0 0.725 0.0003998
0 0.735 0.0003884
0 0.745 0.0003905
0 0.755 0.0003593
0 0.765 0.0002816
0 0.775 0.0002544
0 0.785 0.0002549
0 0.795 0.0002565
0 0.805 0.0002291
0 0.815 0.0001576
0 0.825 0.0001234
0 0.835 0.000119
0 0.845 0.0001159
0 0.855 7.683e-05
0 0.865 -2.21e-05
0 0.875 -6.586e-05
0 0.885 -6.77e-05
0 0.895 -6.46e-05
0 0.905 -4.596e-05
0 0.915 -9.7e-06
0 0.925 6e-06
0 0.935 1.04e-05
0 0.945 1.35e-05
0 0.955 1.67e-05
0 0.965 3.17e-05
0 0.975 4.256e-05
0 0.985 4.88e-05
0 0.995 5.46e-05
0 1.005 3.684e-05
0 1.015 -1.77e-05
0 1.025 -3.67e-05
0 1.035 -3.28e-05
0 1.045 -2.724e-05
0 1.055 -1.705e-05
0 1.065 -6e-08
0 1.075 8.1e-06
0 1.085 1.04e-05
0 1.095 1.2e-05
0 1.105 1.526e-05
0 1.115 2.116e-05
0 1.125 2.39e-05
0 1.135 2.43e-05
0 1.145 2.51e-05
0 1.155 3.37e-05
0 1.165 5.45e-05
0 1.175 6.37e-05
0 1.185 6.55e-05
0 1.195 6.65e-05
0 1.205 6.51e-05
0 1.215 6.13e-05
0 1.225 5.94e-05
0 1.235 6.09e-05
0 1.245 6.324e-05
0 1.255 6.91e-05
0 1.265 7.82e-05
0 1.275 8.476e-05
0 1.285 8.69e-05
0 1.295 8.73e-05
0 1.305 7.28e-05
0 1.315 3.725e-05
0 1.325 2.176e-05
0 1.335 2.17e-05
0 1.345 2.384e-05
0 1.355 3.76e-05
0 1.365 6.664e-05
0 1.375 7.915e-05
0 1.385 8.18e-05
0 1.395 8.583e-05
0 1.405 0.000112
0 1.415 0.0001701
0 1.425 0.0001961
0 1.435 0.000199
0 1.445 0.0001996
0 1.455 0.0002003
0 1.465 0.000198
0 1.475 0.0001969
0 1.485 0.0001976
0 1.495 0.0001931
0 1.505 0.0001665
0 1.515 0.0001212
0 1.525 9.8e-05
0 1.535 9.394e-05
0 1.545 9.483e-05
0 1.555 0.0001071
0 1.565 0.0001305
0 1.575 0.0001407
0 1.585 0.0001438
0 1.595 0.0001515
0 1.605 0.0001744
0 1.615 0.0002222
0 1.625 0.0002437
0 1.635 0.0002432
0 1.645 0.0002328
0 1.655 0.000191
0 1.665 0.00010735
0 1.675 5.925e-05
0 1.685 5.01e-05
0 1.695 5.275e-05
0 1.705 7.004e-05
0 1.715 0.00010616
0 1.725 0.0001299
0 1.735 0.0001367
0 1.745 0.0001395
0 1.755 0.0001423
0 1.765 0.0001495
0 1.775 0.0001477
0 1.785 0.000147
0 1.795 0.0001493
0 1.805 0.000154
0 1.815 0.0001673
0 1.825 0.0001705
0 1.835 0.0001669
0 1.845 0.00016
0 1.855 0.0001383
0 1.865 9.96e-05
0 1.875 6.92e-05
0 1.885 5.513e-05
0 1.895 5.43e-05
0 1.905 5.716e-05
0 1.915 6.527e-05
0 1.925 7.224e-05
0 1.935 7.51e-05
0 1.945 7.65e-05
0 1.955 8.41e-05
0 1.965 9.835e-05
0 1.975 0.0001107
0 1.985 0.0001107
0 1.995 0.00010926
0 2.006 0.00010824
0 2.016 9.97e-05
0 2.025 8.99e-05
0 2.035 8.714e-05
0 2.045 8.66e-05
0 2.055 8.49e-05
0 2.064 8.46e-05
0 2.074 8.684e-05
0 2.086 8.47e-05
0 2.096 8.33e-05
0 2.105 8.345e-05
0 2.115 8.31e-05
0 2.125 8.15e-05
0 2.135 8.124e-05
0 2.145 8.32e-05
0 2.154 8.74e-05
0 2.164 9.19e-05
0 2.176 9.567e-05
0 2.186 9.62e-05
0 2.195 9.537e-05
0 2.205 8.56e-05
0 2.215 8.315e-05
0 2.225 7.63e-05
0 2.234 7.21e-05
0 2.244 7.147e-05
0 2.256 8.357e-05
0 2.266 9.376e-05
0 2.275 0.0001089
0 2.285 0.0001131
0 2.295 0.0001078
0 2.305 0.00010973
0 2.314 0.00010675
0 2.324 0.00011814
0 2.336 0.0001202
0 2.346 0.0001253
0 2.355 0.0001236
0 2.365 0.000126
0 2.375 0.0001256
0 2.385 0.0001271
0 2.395 0.0001227
0 2.404 0.00010914
0 2.414 8.625e-05
0 2.426 7.56e-05
0 2.436 7.26e-05
0 2.445 7.13e-05
0 2.455 7.89e-05
0 2.465 9.6e-05
0 2.475 0.0001167
0 2.484 0.0001342
0 2.494 0.0001371
0 2.506 0.0001585
0 2.516 0.0001787
0 2.525 0.0001708
0 2.535 0.0001647
0 2.545 0.0001543
0 2.555 0.0001417
0 2.564 0.00011843
0 2.574 0.00010276
0 2.586 8.917e-05
0 2.596 9.274e-05
0 2.605 9.57e-05
0 2.615 0.00011307
0 2.625 0.0001167
0 2.635 0.0001083
0 2.645 0.0001208
0 2.654 0.00010926
0 2.664 0.00011325
0 2.676 0.00011116
0 2.686 0.0001083
0 2.695 8.53e-05
0 2.705 7.534e-05
0 2.715 7.683e-05
0 2.725 7.474e-05
0 2.734 8.416e-05
0 2.744 8.01e-05
0 2.756 7.6e-05
0 2.766 7.51e-05
0 2.775 7.385e-05
0 2.785 7.37e-05
0 2.795 7.415e-05
0 2.805 8.01e-05
0 2.814 8.154e-05
0 2.824 9.495e-05
0 2.836 9.674e-05
0 2.846 8.947e-05
0 2.855 8.667e-05
0 2.865 8.17e-05
0 2.875 7.385e-05
0 2.885 7.194e-05
0 2.895 6.694e-05
0 2.904 7.01e-05
0 2.914 6.97e-05
0 2.926 8.29e-05
0 2.936 6.85e-05
0 2.945 6.24e-05
0 2.955 5.054e-05
0 2.965 4.6e-05
0 2.975 4.953e-05
0 2.984 3.95e-05
0 2.994 0.0014515
1 0.0 0.0
1 0.005 1.293e-05
1 0.015 0.0001863
1 0.025 0.0002937
1 0.035 0.0004144
1 0.045 0.0005703
1 0.055 0.000931
1 0.065 0.001459
1 0.075 0.001727
1 0.085 0.001753
1 0.095 0.001734
1 0.105 0.00184
1 0.115 0.002071
1 0.125 0.002172
1 0.135 0.002155
1 0.145 0.002234
1 0.155 0.003174
1 0.165 0.004818
1 0.175 0.005577
1 0.185 0.00554
1 0.195 0.005547
1 0.205 0.005928
1 0.215 0.00659
1 0.225 0.007275
1 0.235 0.007595
1 0.245 0.00785
1 0.255 0.008675
1 0.265 0.00978
1 0.275 0.01045
1 0.285 0.01059
1 0.295 0.01107
1 0.305 0.01281
1 0.315 0.01502
1 0.325 0.01663
1 0.335 0.01703
1 0.345 0.01747
1 0.355 0.0188
1 0.365 0.02052
1 0.375 0.02193
1 0.385 0.02243
1 0.395 0.02264
1 0.405 0.02275
1 0.415 0.02269
1 0.425 0.02264
1 0.435 0.0227
1 0.445 0.02304
1 0.455 0.02336
1 0.465 0.02335
1 0.475 0.02318
1 0.485 0.02298
1 0.495 0.02269
1 0.505 0.02194
1 0.515 0.02061
1 0.525 0.02011
1 0.535 0.02003
1 0.545 0.01994
1 0.555 0.01936
1 0.565 0.01756
1 0.575 0.01692
1 0.585 0.01685
1 0.595 0.01685
1 0.605 0.01616
1 0.615 0.013695
1 0.625 0.01305
1 0.635 0.01306
1 0.645 0.01305
1 0.655 0.01215
1 0.665 0.00939
1 0.675 0.00858
1 0.685 0.00854
1 0.695 0.00853
1 0.705 0.00798
1 0.715 0.006153
1 0.725 0.005577
1 0.735 0.005577
1 0.745 0.00557
1 0.755 0.005104
1 0.765 0.003668
1 0.775 0.003248
1 0.785 0.003237
1 0.795 0.003212
1 0.805 0.002993
1 0.815 0.002462
1 0.825 0.00227
1 0.835 0.002266
1 0.845 0.00225
1 0.855 0.002098
1 0.865 0.001729
1 0.875 0.001574
1 0.885 0.001566
1 0.895 0.001557
1 0.905 0.001482
1 0.915 0.001328
1 0.925 0.001255
1 0.935 0.001256
1 0.945 0.001257
1 0.955 0.001261
1 0.965 0.001271
1 0.975 0.001274
1 0.985 0.001268
1 0.995 0.00123
1 1.005 0.001115
1 1.015 0.0009103
1 1.025 0.000767
1 1.035 0.0007486
1 1.045 0.0007396
1 1.055 0.000715
1 1.065 0.0006714
1 1.075 0.0006294
1 1.085 0.000625
1 1.095 0.0006504
1 1.105 0.000706
1 1.115 0.0007987
1 1.125 0.000878
1 1.135 0.000899
1 1.145 0.0008955
1 1.155 0.0008845
1 1.165 0.0008607
1 1.175 0.0008507
1 1.185 0.0008473
1 1.195 0.0008516
1 1.205 0.000879
1 1.215 0.000924
1 1.225 0.000949
1 1.235 0.0009546
1 1.245 0.0009437
1 1.255 0.000866
1 1.265 0.0006804
1 1.275 0.000602
1 1.285 0.000593
1 1.295 0.000587
1 1.305 0.000527
1 1.315 0.0003827
1 1.325 0.0003188
1 1.335 0.000314
1 1.345 0.000317
1 1.355 0.0003402
1 1.365 0.0003936
1 1.375 0.0004156
1 1.385 0.0004172
1 1.395 0.0004199
1 1.405 0.000444
1 1.415 0.00051
1 1.425 0.000533
1 1.435 0.0005355
1 1.445 0.0005355
1 1.455 0.000525
1 1.465 0.000489
1 1.475 0.000482
1 1.485 0.0004802
1 1.495 0.0004702
1 1.505 0.000396
1 1.515 0.0002363
1 1.525 0.0001656
1 1.535 0.0001556
1 1.545 0.0001551
1 1.555 0.0001539
1 1.565 0.000156
1 1.575 0.0001558
1 1.585 0.0001564
1 1.595 0.0001601
1 1.605 0.0001833
1 1.615 0.000229
1 1.625 0.0002527
1 1.635 0.0002544
1 1.645 0.000244
1 1.655 0.0002018
1 1.665 0.0001182
1 1.675 7.73e-05
1 1.685 6.866e-05
1 1.695 7.2e-05
1 1.705 7.75e-05
1 1.715 9.16e-05
1 1.725 9.793e-05
1 1.735 9.847e-05
1 1.745 9.924e-05
1 1.755 0.00010896
1 1.765 0.0001293
1 1.775 0.00014
1 1.785 0.000141
1 1.795 0.0001403
1 1.805 0.0001404
1 1.815 0.0001427
1 1.825 0.000141
1 1.835 0.0001388
1 1.845 0.0001329
1 1.855 0.0001099
1 1.865 6.67e-05
1 1.875 4.49e-05
1 1.885 3.69e-05
1 1.895 3.87e-05
1 1.905 4.57e-05
1 1.915 5.7e-05
1 1.925 6.24e-05
1 1.935 6.42e-05
1 1.945 6.48e-05
1 1.955 6.66e-05
1 1.965 7.18e-05
1 1.975 7.36e-05
1 1.985 7.46e-05
1 1.995 7.34e-05
1 2.006 7.58e-05
1 2.016 7.7e-05
1 2.025 7.766e-05
1 2.035 7.77e-05
1 2.045 8.094e-05
1 2.055 8.017e-05
1 2.064 8.595e-05
1 2.074 8.965e-05
1 2.086 9.06e-05
1 2.096 8.88e-05
1 2.105 8.214e-05
1 2.115 7.32e-05
1 2.125 6.48e-05
1 2.135 6.23e-05
1 2.145 6.22e-05
1 2.154 7.02e-05
1 2.164 7.8e-05
1 2.176 8.094e-05
1 2.186 8.13e-05
1 2.195 7.41e-05
1 2.205 5.94e-05
1 2.215 3.92e-05
1 2.225 3.064e-05
1 2.234 2.515e-05
1 2.244 2.53e-05
1 2.256 2.784e-05
1 2.266 3.165e-05
1 2.275 3.35e-05
1 2.285 3.58e-05
1 2.295 3.827e-05
1 2.305 4.387e-05
1 2.314 5.82e-05
1 2.324 6.634e-05
1 2.336 6.85e-05
1 2.346 6.96e-05
1 2.355 6.95e-05
1 2.365 6.926e-05
1 2.375 6.807e-05
1 2.385 6.425e-05
1 2.395 5.84e-05
1 2.404 4.566e-05
1 2.414 2.855e-05
1 2.426 1.574e-05
1 2.436 1.05e-05
1 2.445 1.156e-05
1 2.455 2.05e-05
1 2.465 3.82e-05
1 2.475 4.79e-05
1 2.484 5.025e-05
1 2.494 5.65e-05
1 2.506 6.586e-05
1 2.516 7.48e-05
1 2.525 8.32e-05
1 2.535 8.22e-05
1 2.545 8.2e-05
1 2.555 7.19e-05
1 2.564 7.32e-05
1 2.574 6.694e-05
1 2.586 6.783e-05
1 2.596 6.33e-05
1 2.605 5.37e-05
1 2.615 6.1e-05
1 2.625 5.36e-05
1 2.635 4.86e-05
1 2.645 4.86e-05
1 2.654 4.48e-05
1 2.664 4.29e-05
1 2.676 3.92e-05
1 2.686 3.856e-05
1 2.695 4.19e-05
1 2.705 5.02e-05
1 2.715 6.13e-05
1 2.725 6.527e-05
1 2.734 6.43e-05
1 2.744 5.68e-05
1 2.756 5.084e-05
1 2.766 4.87e-05
1 2.775 4.56e-05
1 2.785 4.43e-05
1 2.795 4.34e-05
1 2.805 4.69e-05
1 2.814 5.376e-05
1 2.824 5.525e-05
1 2.836 5.25e-05
1 2.846 4.923e-05
1 2.855 4.095e-05
1 2.865 3.03e-05
1 2.875 2.39e-05
1 2.885 2.116e-05
1 2.895 2.09e-05
1 2.904 2.486e-05
1 2.914 2.65e-05
1 2.926 2.956e-05
1 2.936 3.03e-05
1 2.945 2.53e-05
1 2.955 2.06e-05
1 2.965 1.496e-05
1 2.975 7.8e-06
1 2.984 7.7e-06
1 2.994 0.001702
2 0.0 0.0
2 0.005 9.24e-06
2 0.015 4.154e-05
2 0.025 7.37e-05
2 0.035 0.00011086
2 0.045 0.0001462
2 0.055 0.0002207
2 0.065 0.0003328
2 0.075 0.0003943
2 0.085 0.0004296
2 0.095 0.0004594
2 0.105 0.0004935
2 0.115 0.00054
2 0.125 0.0005717
2 0.135 0.000597
2 0.145 0.000633
2 0.155 0.0007844
2 0.165 0.001038
2 0.175 0.001133
2 0.185 0.001148
2 0.195 0.0011635
2 0.205 0.001192
2 0.215 0.001241
2 0.225 0.001274
2 0.235 0.001294
2 0.245 0.001309
2 0.255 0.001327
2 0.265 0.001356
2 0.275 0.001377
2 0.285 0.001395
2 0.295 0.001457
2 0.305 0.001646
2 0.315 0.001883
2 0.325 0.002077
2 0.335 0.002153
2 0.345 0.00222
2 0.355 0.002317
2 0.365 0.002373
2 0.375 0.002382
2 0.385 0.0024
2 0.395 0.002455
2 0.405 0.002798
2 0.415 0.003355
2 0.425 0.003607
2 0.435 0.003597
2 0.445 0.003563
2 0.455 0.003754
2 0.465 0.004414
2 0.475 0.004803
2 0.485 0.00487
2 0.495 0.00487
2 0.505 0.005486
2 0.515 0.00762
2 0.525 0.0083
2 0.535 0.00835
2 0.545 0.00837
2 0.555 0.00944
2 0.565 0.01332
2 0.575 0.014336
2 0.585 0.0143
2 0.595 0.01432
2 0.605 0.015366
2 0.615 0.01836
2 0.625 0.01917
2 0.635 0.01918
2 0.645 0.0192
2 0.655 0.01988
2 0.665 0.02203
2 0.675 0.02267
2 0.685 0.0227
2 0.695 0.02266
2 0.705 0.0227
2 0.715 0.0229
2 0.725 0.02293
2 0.735 0.02289
2 0.745 0.02287
2 0.755 0.02274
2 0.765 0.02203
2 0.775 0.02187
2 0.785 0.02184
2 0.795 0.02179
2 0.805 0.02159
2 0.815 0.02075
2 0.825 0.02054
2 0.835 0.02051
2 0.845 0.02046
2 0.855 0.0197
2 0.865 0.01656
2 0.875 0.0159
2 0.885 0.01585
2 0.895 0.01578
2 0.905 0.01548
2 0.915 0.014305
2 0.925 0.01388
2 0.935 0.01385
2 0.945 0.013794
2 0.955 0.012955
2 0.965 0.00984
2 0.975 0.008995
2 0.985 0.00894
2 0.995 0.008965
2 1.005 0.007763
2 1.015 0.00416
2 1.025 0.003252
2 1.035 0.003208
2 1.045 0.003172
2 1.055 0.002838
2 1.065 0.001801
2 1.075 0.001499
2 1.085 0.00148
2 1.095 0.0014715
2 1.105 0.001427
2 1.115 0.001281
2 1.125 0.00124
2 1.135 0.001233
2 1.145 0.001224
2 1.155 0.001094
2 1.165 0.000701
2 1.175 0.000593
2 1.185 0.000586
2 1.195 0.0005803
2 1.205 0.000563
2 1.215 0.0005226
2 1.225 0.000505
2 1.235 0.000495
2 1.245 0.0004745
2 1.255 0.000407
2 1.265 0.0002718
2 1.275 0.0002086
2 1.285 0.0001938
2 1.295 0.000185
2 1.305 0.0001688
2 1.315 0.0001409
2 1.325 0.0001252
2 1.335 0.00012
2 1.345 0.00012094
2 1.355 0.0001277
2 1.365 0.0001429
2 1.375 0.0001512
2 1.385 0.0001552
2 1.395 0.0001618
2 1.405 0.0001864
2 1.415 0.0002382
2 1.425 0.0002642
2 1.435 0.0002594
2 1.445 0.0002444
2 1.455 0.000225
2 1.465 0.0002035
2 1.475 0.0001817
2 1.485 0.0001699
2 1.495 0.000155
2 1.505 0.0001361
2 1.515 0.0001177
2 1.525 0.0001006
2 1.535 9.054e-05
2 1.545 8.67e-05
2 1.555 8.61e-05
2 1.565 8.684e-05
2 1.575 8.756e-05
2 1.585 8.744e-05
2 1.595 8.78e-05
2 1.605 8.74e-05
2 1.615 8.67e-05
2 1.625 8.404e-05
2 1.635 7.993e-05
2 1.645 7.3e-05
2 1.655 6.65e-05
2 1.665 5.895e-05
2 1.675 5.26e-05
2 1.685 4.804e-05
2 1.695 4.613e-05
2 1.705 4.69e-05
2 1.715 4.834e-05
2 1.725 5.007e-05
2 1.735 5.08e-05
2 1.745 4.995e-05
2 1.755 4.86e-05
2 1.765 4.6e-05
2 1.775 4.303e-05
2 1.785 4.16e-05
2 1.795 4.137e-05
2 1.805 4.107e-05
2 1.815 4.12e-05
2 1.825 4.125e-05
2 1.835 4.05e-05
2 1.845 3.886e-05
2 1.855 3.58e-05
2 1.865 3.33e-05
2 1.875 3.08e-05
2 1.885 2.825e-05
2 1.895 2.754e-05
2 1.905 2.83e-05
2 1.915 2.91e-05
2 1.925 2.974e-05
2 1.935 3.034e-05
2 1.945 3.03e-05
2 1.955 2.94e-05
2 1.965 2.867e-05
2 1.975 2.77e-05
2 1.985 2.7e-05
2 1.995 2.61e-05
2 2.006 2.54e-05
2 2.016 2.47e-05
2 2.025 2.44e-05
2 2.035 2.4e-05
2 2.045 2.533e-05
2 2.055 2.897e-05
2 2.064 3.51e-05
2 2.074 3.59e-05
2 2.086 3.594e-05
2 2.096 3.51e-05
2 2.105 3.25e-05
2 2.115 2.89e-05
2 2.125 2.61e-05
2 2.135 2.22e-05
2 2.145 1.985e-05
2 2.154 1.884e-05
2 2.164 1.8e-05
2 2.176 1.71e-05
2 2.186 1.61e-05
2 2.195 1.556e-05
2 2.205 1.48e-05
2 2.215 1.38e-05
2 2.225 1.305e-05
2 2.234 1.29e-05
2 2.244 1.3e-05
2 2.256 1.34e-05
2 2.266 1.38e-05
2 2.275 1.43e-05
2 2.285 1.45e-05
2 2.295 1.47e-05
2 2.305 1.54e-05
2 2.314 1.603e-05
2 2.324 1.657e-05
2 2.336 1.67e-05
2 2.346 1.585e-05
2 2.355 1.52e-05
2 2.365 1.407e-05
2 2.375 1.29e-05
2 2.385 1.2e-05
2 2.395 1.13e-05
2 2.404 1.055e-05
2 2.414 9.7e-06
2 2.426 9.1e-06
2 2.436 9e-06
2 2.445 9.66e-06
2 2.455 1.067e-05
2 2.465 1.22e-05
2 2.475 1.353e-05
2 2.484 1.496e-05
2 2.494 1.687e-05
2 2.506 1.82e-05
2 2.516 2.164e-05
2 2.525 2.35e-05
2 2.535 2.49e-05
2 2.545 2.49e-05
2 2.555 2.027e-05
2 2.564 1.76e-05
2 2.574 1.34e-05
2 2.586 1.2e-05
2 2.596 1.16e-05
2 2.605 1.144e-05
2 2.615 1.174e-05
2 2.625 1.22e-05
2 2.635 1.25e-05
2 2.645 1.264e-05
2 2.654 1.24e-05
2 2.664 1.14e-05
2 2.676 1.097e-05
2 2.686 1.1e-05
2 2.695 1.11e-05
2 2.705 1.12e-05
2 2.715 1.14e-05
2 2.725 1.2e-05
2 2.734 1.21e-05
2 2.744 1.2e-05
2 2.756 1.18e-05
2 2.766 1.234e-05
2 2.775 1.16e-05
2 2.785 1.204e-05
2 2.795 1.3e-05
2 2.805 1.54e-05
2 2.814 2.015e-05
2 2.824 2.03e-05
2 2.836 2.07e-05
2 2.846 1.9e-05
2 2.855 1.645e-05
2 2.865 1.37e-05
2 2.875 1.156e-05
2 2.885 1.06e-05
2 2.895 9.66e-06
2 2.904 9e-06
2 2.914 8.46e-06
2 2.926 8.17e-06
2 2.936 8.05e-06
2 2.945 8e-06
2 2.955 8e-06
2 2.965 7.87e-06
2 2.975 8.17e-06
2 2.984 8.5e-06
2 2.994 0.0002362
3 0.0 0.0
3 0.005 2.48e-05
3 0.015 0.0001097
3 0.025 0.0002068
3 0.035 0.0002847
3 0.045 0.000334
3 0.055 0.0004084
3 0.065 0.000521
3 0.075 0.0005317
3 0.085 0.0005074
3 0.095 0.000489
3 0.105 0.0004814
3 0.115 0.0004716
3 0.125 0.0004587
3 0.135 0.0004475
3 0.145 0.0004907
3 0.155 0.0006423
3 0.165 0.00089
3 0.175 0.001062
3 0.185 0.001107
3 0.195 0.001097
3 0.205 0.001064
3 0.215 0.001004
3 0.225 0.0009675
3 0.235 0.0009604
3 0.245 0.0009737
3 0.255 0.001051
3 0.265 0.001181
3 0.275 0.001238
3 0.285 0.001236
3 0.295 0.001245
3 0.305 0.001351
3 0.315 0.001574
3 0.325 0.0017
3 0.335 0.001712
3 0.345 0.0016985
3 0.355 0.0018015
3 0.365 0.00209
3 0.375 0.002253
3 0.385 0.002281
3 0.395 0.00229
3 0.405 0.002447
3 0.415 0.00297
3 0.425 0.003162
3 0.435 0.003168
3 0.445 0.00317
3 0.455 0.003252
3 0.465 0.003515
3 0.475 0.003586
3 0.485 0.003582
3 0.495 0.003605
3 0.505 0.003876
3 0.515 0.004604
3 0.525 0.00484
3 0.535 0.004837
3 0.545 0.00483
3 0.555 0.00504
3 0.565 0.00567
3 0.575 0.00591
3 0.585 0.005924
3 0.595 0.00591
3 0.605 0.006054
3 0.615 0.006653
3 0.625 0.006847
3 0.635 0.006844
3 0.645 0.006832
3 0.655 0.00671
3 0.665 0.006256
3 0.675 0.00615
3 0.685 0.006145
3 0.695 0.006145
3 0.705 0.006382
3 0.715 0.007477
3 0.725 0.007725
3 0.735 0.007717
3 0.745 0.00772
3 0.755 0.00794
3 0.765 0.00899
3 0.775 0.009224
3 0.785 0.00922
3 0.795 0.009224
3 0.805 0.00987
3 0.815 0.01289
3 0.825 0.013565
3 0.835 0.01355
3 0.845 0.01353
3 0.855 0.01363
3 0.865 0.01415
3 0.875 0.014275
3 0.885 0.01425
3 0.895 0.014244
3 0.905 0.01519
3 0.915 0.01889
3 0.925 0.01985
3 0.935 0.01985
3 0.945 0.01984
3 0.955 0.01987
3 0.965 0.02014
3 0.975 0.02019
3 0.985 0.0202
3 0.995 0.02017
3 1.005 0.01875
3 1.015 0.01244
3 1.025 0.01103
3 1.035 0.01102
3 1.045 0.01101
3 1.055 0.010765
3 1.065 0.00963
3 1.075 0.00934
3 1.085 0.00932
3 1.095 0.00932
3 1.105 0.00965
3 1.115 0.011284
3 1.125 0.011665
3 1.135 0.011665
3 1.145 0.01165
3 1.155 0.01131
3 1.165 0.009605
3 1.175 0.00922
3 1.185 0.00922
3 1.195 0.0092
3 1.205 0.00916
3 1.215 0.00883
3 1.225 0.00877
3 1.235 0.008766
3 1.245 0.00874
3 1.255 0.00802
3 1.265 0.005184
3 1.275 0.00449
3 1.285 0.004482
3 1.295 0.00446
3 1.305 0.004227
3 1.315 0.003393
3 1.325 0.003149
3 1.335 0.003141
3 1.345 0.003124
3 1.355 0.003048
3 1.365 0.002766
3 1.375 0.00263
3 1.385 0.002623
3 1.395 0.002615
3 1.405 0.00257
3 1.415 0.002409
3 1.425 0.002356
3 1.435 0.002348
3 1.445 0.002325
3 1.455 0.002176
3 1.465 0.001722
3 1.475 0.001533
3 1.485 0.001518
3 1.495 0.001484
3 1.505 0.001341
3 1.515 0.0008397
3 1.525 0.000626
3 1.535 0.0006204
3 1.545 0.0006247
3 1.555 0.0006285
3 1.565 0.0006504
3 1.575 0.000666
3 1.585 0.000668
3 1.595 0.000667
3 1.605 0.0006723
3 1.615 0.0006876
3 1.625 0.0006895
3 1.635 0.0006843
3 1.645 0.0006604
3 1.655 0.0005865
3 1.665 0.0003462
3 1.675 0.0002298
3 1.685 0.0002253
3 1.695 0.0002266
3 1.705 0.0002356
3 1.715 0.0002608
3 1.725 0.000269
3 1.735 0.0002687
3 1.745 0.0002704
3 1.755 0.0002747
3 1.765 0.00029
3 1.775 0.0002902
3 1.785 0.0002887
3 1.795 0.0002859
3 1.805 0.0002763
3 1.815 0.0002575
3 1.825 0.0002513
3 1.835 0.000246
3 1.845 0.0002406
3 1.855 0.0002161
3 1.865 0.0001519
3 1.875 0.0001079
3 1.885 0.0001046
3 1.895 0.00010157
3 1.905 0.000102
3 1.915 0.0001109
3 1.925 0.00011384
3 1.935 0.0001149
3 1.945 0.00011796
3 1.955 0.0001241
3 1.965 0.0001407
3 1.975 0.0001539
3 1.985 0.0001537
3 1.995 0.000152
3 2.006 0.0001452
3 2.016 0.0001272
3 2.025 0.0001125
3 2.035 0.00011003
3 2.045 0.0001067
3 2.055 9.77e-05
3 2.064 7.85e-05
3 2.074 6.926e-05
3 2.086 6.79e-05
3 2.096 6.77e-05
3 2.105 6.93e-05
3 2.115 8.065e-05
3 2.125 8.62e-05
3 2.135 8.625e-05
3 2.145 8.905e-05
3 2.154 9.13e-05
3 2.164 9.125e-05
3 2.176 8.917e-05
3 2.186 8.786e-05
3 2.195 8.625e-05
3 2.205 8.047e-05
3 2.215 6.72e-05
3 2.225 5.88e-05
3 2.234 5.82e-05
3 2.244 5.716e-05
3 2.256 5.573e-05
3 2.266 5.02e-05
3 2.275 4.76e-05
3 2.285 4.79e-05
3 2.295 4.816e-05
3 2.305 5.16e-05
3 2.314 5.99e-05
3 2.324 6.48e-05
3 2.336 6.527e-05
3 2.346 6.51e-05
3 2.355 6.366e-05
3 2.365 6.19e-05
3 2.375 6.205e-05
3 2.385 6.08e-05
3 2.395 5.98e-05
3 2.404 5.263e-05
3 2.414 3.785e-05
3 2.426 2.825e-05
3 2.436 2.724e-05
3 2.445 2.82e-05
3 2.455 3.225e-05
3 2.465 4.166e-05
3 2.475 4.75e-05
3 2.484 4.9e-05
3 2.494 4.94e-05
3 2.506 5.5e-05
3 2.516 6.65e-05
3 2.525 7.623e-05
3 2.535 7.69e-05
3 2.545 7.486e-05
3 2.555 6.6e-05
3 2.564 4.99e-05
3 2.574 3.93e-05
3 2.586 3.743e-05
3 2.596 3.59e-05
3 2.605 3.27e-05
3 2.615 2.72e-05
3 2.625 2.37e-05
3 2.635 2.354e-05
3 2.645 2.325e-05
3 2.654 2.2e-05
3 2.664 2.55e-05
3 2.676 2.587e-05
3 2.686 2.47e-05
3 2.695 2.61e-05
3 2.705 3.135e-05
3 2.715 3.755e-05
3 2.725 4.07e-05
3 2.734 4.14e-05
3 2.744 4.12e-05
3 2.756 4.72e-05
3 2.766 5.77e-05
3 2.775 6.485e-05
3 2.785 6.783e-05
3 2.795 6.44e-05
3 2.805 6.06e-05
3 2.814 5.865e-05
3 2.824 5.835e-05
3 2.836 5.656e-05
3 2.846 5.34e-05
3 2.855 4.49e-05
3 2.865 3.153e-05
3 2.875 2.646e-05
3 2.885 2.4e-05
3 2.895 2.223e-05
3 2.904 2.456e-05
3 2.914 2.587e-05
3 2.926 2.36e-05
3 2.936 2.176e-05
3 2.945 1.985e-05
3 2.955 2.05e-05
3 2.965 2.33e-05
3 2.975 2.265e-05
3 2.984 2.295e-05
3 2.994 0.001681

