1.0 9.5396913e-01 4.8835672e-03
2.0 9.5644936e-01 4.8899115e-03
3.0 9.6168355e-01 4.9032733e-03
4.0 9.5371999e-01 4.8829294e-03
5.0 9.5824968e-01 4.8945114e-03
6.0 9.5526774e-01 4.8868900e-03
7.0 9.6196642e-01 4.9039944e-03
8.0 9.6602235e-01 4.9143218e-03
9.0 9.6390905e-01 4.9089435e-03
10.0 9.7222867e-01 4.9300829e-03
11.0 9.7539338e-01 4.9381003e-03
12.0 9.7649773e-01 4.9408950e-03
13.0 9.7767643e-01 4.9438761e-03
14.0 9.7623395e-01 4.9402276e-03
15.0 9.8030681e-01 4.9505222e-03
16.0 9.7815800e-01 4.9450936e-03
17.0 9.7825573e-01 4.9453406e-03
18.0 9.7417380e-01 4.9350122e-03
19.0 9.7474820e-01 4.9364669e-03
20.0 9.7423033e-01 4.9351554e-03
21.0 9.7589062e-01 4.9393588e-03
22.0 9.6979373e-01 4.9239053e-03
23.0 9.6728261e-01 4.9175264e-03
24.0 9.6612287e-01 4.9145775e-03
25.0 9.7088109e-01 4.9266650e-03
26.0 9.6914804e-01 4.9222659e-03
27.0 9.6885221e-01 4.9215146e-03
28.0 9.7332770e-01 4.9328686e-03
29.0 9.7800074e-01 4.9446960e-03
30.0 9.7919607e-01 4.9477168e-03
31.0 9.7881563e-01 4.9467556e-03
32.0 9.7419947e-01 4.9350772e-03
33.0 9.7847388e-01 4.9458920e-03
34.0 9.8374771e-01 4.9592029e-03
35.0 9.8075447e-01 4.9516525e-03
36.0 9.8038718e-01 4.9507252e-03
37.0 9.7808814e-01 4.9449170e-03
38.0 9.7347423e-01 4.9332399e-03
39.0 9.7507968e-01 4.9373062e-03
40.0 9.7305864e-01 4.9321868e-03
41.0 9.6969436e-01 4.9236530e-03
42.0 9.7264974e-01 4.9311503e-03
43.0 9.6547072e-01 4.9129185e-03
44.0 9.6580405e-01 4.9137665e-03
45.0 9.6542575e-01 4.9128041e-03
46.0 9.6442200e-01 4.9102495e-03
47.0 9.6340420e-01 4.9076578e-03
48.0 9.6472836e-01 4.9110294e-03
49.0 9.6097732e-01 4.9014726e-03
50.0 9.5996277e-01 4.8988845e-03
51.0 9.5408464e-01 4.8838628e-03
52.0 9.5191711e-01 4.8783120e-03
53.0 9.5032327e-01 4.8742263e-03
54.0 9.5161642e-01 4.8775415e-03
55.0 9.4903860e-01 4.8709306e-03
56.0 9.4812382e-01 4.8685825e-03
57.0 9.4696656e-01 4.8656104e-03
58.0 9.5109537e-01 4.8762060e-03
59.0 9.4966585e-01 4.8725400e-03
60.0 9.5129908e-01 4.8767281e-03
61.0 9.5131344e-01 4.8767649e-03
62.0 9.5646527e-01 4.8899521e-03
63.0 9.5870254e-01 4.8956678e-03
64.0 9.5725146e-01 4.8919614e-03
65.0 9.5483378e-01 4.8857799e-03
66.0 9.5359971e-01 4.8826215e-03
67.0 9.5102938e-01 4.8760368e-03
68.0 9.4885151e-01 4.8704505e-03
69.0 9.4856894e-01 4.8697252e-03
70.0 9.5097414e-01 4.8758952e-03
71.0 9.5720128e-01 4.8918332e-03
72.0 9.5767938e-01 4.8930548e-03
73.0 9.5164064e-01 4.8776035e-03
74.0 9.5232194e-01 4.8793492e-03
75.0 9.4937336e-01 4.8717896e-03
76.0 9.4887237e-01 4.8705040e-03
77.0 9.5061415e-01 4.8749722e-03
78.0 9.4804766e-01 4.8683870e-03
79.0 9.4948547e-01 4.8720773e-03
80.0 9.4623333e-01 4.8637263e-03
81.0 9.5001629e-01 4.8734390e-03
82.0 9.5136833e-01 4.8769056e-03
83.0 9.4717648e-01 4.8661496e-03
84.0 9.5063657e-01 4.8750297e-03
85.0 9.4763262e-01 4.8673212e-03
86.0 9.5417261e-01 4.8840880e-03
87.0 9.5953274e-01 4.8977871e-03
88.0 9.5430715e-01 4.8844323e-03
89.0 9.5564769e-01 4.8878618e-03
90.0 9.5533563e-01 4.8870636e-03
91.0 9.5737665e-01 4.8922813e-03
92.0 9.5889783e-01 4.8961665e-03
93.0 9.6158625e-01 4.9030252e-03
94.0 9.6444182e-01 4.9103000e-03
95.0 9.6217913e-01 4.9045365e-03
96.0 9.6504241e-01 4.9118286e-03
97.0 9.6395276e-01 4.9090548e-03
98.0 9.6682738e-01 4.9163691e-03
99.0 9.6718515e-01 4.9172786e-03
100.0 9.7055573e-01 4.9258394e-03
101.0 9.7333254e-01 4.9328809e-03
102.0 9.7454118e-01 4.9359426e-03
103.0 9.7401172e-01 4.9346016e-03
104.0 9.7005277e-01 4.9245629e-03
105.0 9.7584725e-01 4.9392491e-03
106.0 9.7444361e-01 4.9356955e-03
107.0 9.7386422e-01 4.9342280e-03
108.0 9.7679001e-01 4.9416344e-03
109.0 9.7170645e-01 4.9287586e-03
110.0 9.7390100e-01 4.9343212e-03
111.0 9.6823803e-01 4.9199544e-03
112.0 9.6412510e-01 4.9094936e-03
113.0 9.6308494e-01 4.9068446e-03
114.0 9.6475874e-01 4.9111067e-03
115.0 9.5848389e-01 4.8951096e-03
116.0 9.6355235e-01 4.9080352e-03
117.0 9.6976401e-01 4.9238299e-03
118.0 9.7369664e-01 4.9338034e-03
119.0 9.7746672e-01 4.9433459e-03
120.0 9.7984861e-01 4.9493652e-03
121.0 9.7849647e-01 4.9459491e-03
122.0 9.7432903e-01 4.9354054e-03
123.0 9.6686792e-01 4.9164721e-03
124.0 9.6670491e-01 4.9160577e-03
125.0 9.6683222e-01 4.9163814e-03
126.0 9.6436082e-01 4.9100938e-03
127.0 9.6506924e-01 4.9118969e-03
128.0 9.6543652e-01 4.9128315e-03
129.0 9.6657289e-01 4.9157220e-03
130.0 9.6595868e-01 4.9141599e-03
131.0 9.6588061e-01 4.9139613e-03
132.0 9.6223926e-01 4.9046898e-03
133.0 9.6305630e-01 4.9067716e-03
134.0 9.6399862e-01 4.9091716e-03
135.0 9.6512576e-01 4.9120408e-03
136.0 9.5810985e-01 4.8941543e-03
137.0 9.6289459e-01 4.9063596e-03
138.0 9.6331102e-01 4.9074205e-03
139.0 9.6154415e-01 4.9029179e-03
140.0 9.6733913e-01 4.9176700e-03
141.0 9.6563266e-01 4.9133305e-03
142.0 9.6990764e-01 4.9241945e-03
143.0 9.6658450e-01 4.9157515e-03
144.0 9.6645192e-01 4.9154143e-03
145.0 9.6163193e-01 4.9031417e-03
146.0 9.5915789e-01 4.8968304e-03
147.0 9.5490576e-01 4.8859640e-03
148.0 9.5559510e-01 4.8877272e-03
149.0 9.5693835e-01 4.8911613e-03
150.0 9.6095876e-01 4.9014252e-03
151.0 9.6738428e-01 4.9177848e-03
152.0 9.6936547e-01 4.9228180e-03
153.0 9.7658983e-01 4.9411280e-03
154.0 9.8136888e-01 4.9532032e-03
155.0 9.8268649e-01 4.9565273e-03
156.0 9.7858080e-01 4.9461622e-03
157.0 9.7223296e-01 4.9300937e-03
158.0 9.6956760e-01 4.9233312e-03
159.0 9.6729886e-01 4.9175677e-03
160.0 9.6165386e-01 4.9031976e-03
161.0 9.6120510e-01 4.9020534e-03
162.0 9.5462143e-01 4.8852365e-03
163.0 9.5255277e-01 4.8799405e-03
164.0 9.4947149e-01 4.8720414e-03
165.0 9.5482073e-01 4.8857465e-03
166.0 9.5550212e-01 4.8874895e-03
167.0 9.5384087e-01 4.8832389e-03
168.0 9.6002701e-01 4.8990484e-03
169.0 9.5198907e-01 4.8784964e-03
170.0 9.5429260e-01 4.8843951e-03
171.0 9.5045187e-01 4.8745561e-03
172.0 9.4794738e-01 4.8681295e-03
173.0 9.5201366e-01 4.8785594e-03
174.0 9.5667666e-01 4.8904925e-03
175.0 9.5057842e-01 4.8748806e-03
176.0 9.5209759e-01 4.8787744e-03
177.0 9.5599733e-01 4.8887558e-03
178.0 9.5469378e-01 4.8854216e-03
179.0 9.5682897e-01 4.8908818e-03
180.0 9.5497532e-01 4.8861420e-03
181.0 9.5677363e-01 4.8907403e-03
182.0 9.5702634e-01 4.8913862e-03
183.0 9.5783558e-01 4.8934538e-03
184.0 9.5462893e-01 4.8852557e-03
185.0 9.5758209e-01 4.8928062e-03
186.0 9.5776272e-01 4.8932676e-03
187.0 9.5254176e-01 4.8799123e-03
188.0 9.4618054e-01 4.8635906e-03
189.0 9.4259856e-01 4.8543758e-03
190.0 9.3679438e-01 4.8394070e-03
191.0 9.3655454e-01 4.8387874e-03
192.0 9.4078687e-01 4.8497084e-03
193.0 9.4215766e-01 4.8532403e-03
194.0 9.4267568e-01 4.8545744e-03
195.0 9.3956993e-01 4.8465708e-03
196.0 9.4149570e-01 4.8515351e-03
197.0 9.3957404e-01 4.8465814e-03
198.0 9.4440797e-01 4.8590328e-03
199.0 9.3788815e-01 4.8422313e-03
200.0 9.3728114e-01 4.8406641e-03
201.0 9.3691200e-01 4.8397108e-03
202.0 9.2988590e-01 4.8215296e-03
203.0 9.3006713e-01 4.8219994e-03
204.0 9.3232940e-01 4.8278603e-03
205.0 9.3387714e-01 4.8318660e-03
206.0 9.3500916e-01 4.8347936e-03
207.0 9.3276402e-01 4.8289855e-03
208.0 9.3522837e-01 4.8353603e-03
209.0 9.3619366e-01 4.8378551e-03
210.0 9.3336101e-01 4.8305306e-03
211.0 9.3145177e-01 4.8255875e-03
212.0 9.3287023e-01 4.8292604e-03
213.0 9.3552589e-01 4.8361294e-03
214.0 9.3374073e-01 4.8315131e-03
215.0 9.3761417e-01 4.8415240e-03
216.0 9.3581639e-01 4.8368802e-03
217.0 9.3697278e-01 4.8398678e-03
218.0 9.3904627e-01 4.8452200e-03
219.0 9.3956202e-01 4.8465504e-03
220.0 9.3888868e-01 4.8448134e-03
221.0 9.4215744e-01 4.8532398e-03
222.0 9.4444591e-01 4.8591304e-03
223.0 9.4902731e-01 4.8709017e-03
224.0 9.4779769e-01 4.8677451e-03
225.0 9.5047753e-01 4.8746219e-03
226.0 9.5185962e-01 4.8781647e-03
227.0 9.5559700e-01 4.8877321e-03
228.0 9.5407342e-01 4.8838341e-03
229.0 9.4205378e-01 4.8529728e-03
230.0 9.3795592e-01 4.8424063e-03
231.0 9.4336240e-01 4.8563423e-03
232.0 9.4449590e-01 4.8592590e-03
233.0 9.4401712e-01 4.8580272e-03
234.0 9.4457410e-01 4.8594601e-03
235.0 9.4015118e-01 4.8480697e-03
236.0 9.3971743e-01 4.8469512e-03
237.0 9.3970875e-01 4.8469288e-03
238.0 9.3779084e-01 4.8419801e-03
239.0 9.4232373e-01 4.8536681e-03
240.0 9.4224258e-01 4.8534590e-03
241.0 9.3998802e-01 4.8476490e-03
242.0 9.3877752e-01 4.8445266e-03
243.0 9.3810400e-01 4.8427885e-03
244.0 9.3961988e-01 4.8466996e-03
245.0 9.3791522e-01 4.8423012e-03
246.0 9.3687390e-01 4.8396124e-03
247.0 9.3236218e-01 4.8279452e-03
248.0 9.3688840e-01 4.8396498e-03
249.0 9.3818285e-01 4.8429920e-03
250.0 9.3540073e-01 4.8358059e-03
251.0 9.3937741e-01 4.8460742e-03
252.0 9.3619026e-01 4.8378463e-03
253.0 9.3389839e-01 4.8319209e-03
254.0 9.4115772e-01 4.8506642e-03
255.0 9.4013441e-01 4.8480265e-03
256.0 9.3685765e-01 4.8395704e-03
257.0 9.4084727e-01 4.8498641e-03
258.0 9.3741734e-01 4.8410158e-03
259.0 9.3634617e-01 4.8382491e-03
260.0 9.4058205e-01 4.8491805e-03
261.0 9.4346315e-01 4.8566016e-03
262.0 9.4143576e-01 4.8513806e-03
263.0 9.4471516e-01 4.8598230e-03
264.0 9.4939269e-01 4.8718392e-03
265.0 9.4351434e-01 4.8567333e-03
266.0 9.4110568e-01 4.8505301e-03
267.0 9.3683495e-01 4.8395117e-03
268.0 9.3683989e-01 4.8395245e-03
269.0 9.3257138e-01 4.8284868e-03
270.0 9.3343895e-01 4.8307323e-03
271.0 9.3138634e-01 4.8254180e-03
272.0 9.3459302e-01 4.8337176e-03
273.0 9.2937874e-01 4.8202146e-03
274.0 9.3072086e-01 4.8236938e-03
275.0 9.3274368e-01 4.8289328e-03
276.0 9.3333155e-01 4.8304543e-03
277.0 9.3222874e-01 4.8275997e-03
278.0 9.4385535e-01 4.8576109e-03
279.0 9.4716244e-01 4.8661136e-03
280.0 9.4334985e-01 4.8563100e-03
281.0 9.4705269e-01 4.8658316e-03
282.0 9.4639028e-01 4.8641297e-03
283.0 9.4331038e-01 4.8562084e-03
284.0 9.4406447e-01 4.8581490e-03
285.0 9.4755498e-01 4.8671218e-03
286.0 9.5134083e-01 4.8768351e-03
287.0 9.5111682e-01 4.8762609e-03
288.0 9.5729952e-01 4.8920842e-03
289.0 9.5616742e-01 4.8891907e-03
290.0 9.5893156e-01 4.8962526e-03
291.0 9.5805421e-01 4.8940122e-03
292.0 9.6185096e-01 4.9037001e-03
293.0 9.6526562e-01 4.9123967e-03
294.0 9.6886611e-01 4.9215499e-03
295.0 9.6584089e-01 4.9138602e-03
296.0 9.6105662e-01 4.9016748e-03
297.0 9.6319591e-01 4.9071273e-03
298.0 9.6441111e-01 4.9102218e-03
299.0 9.6241219e-01 4.9051305e-03
300.0 9.6209787e-01 4.9043294e-03
301.0 9.6376443e-01 4.9085752e-03
302.0 9.6711802e-01 4.9171080e-03
303.0 9.6765281e-01 4.9184673e-03
304.0 9.6941513e-01 4.9229441e-03
305.0 9.6869760e-01 4.9211218e-03
306.0 9.7269186e-01 4.9312571e-03
307.0 9.7309682e-01 4.9322835e-03
308.0 9.7391905e-01 4.9343669e-03
309.0 9.6969420e-01 4.9236526e-03
310.0 9.6689097e-01 4.9165307e-03
311.0 9.6612682e-01 4.9145875e-03
312.0 9.6031829e-01 4.8997916e-03
313.0 9.5845349e-01 4.8950319e-03
314.0 9.5793772e-01 4.8937147e-03
315.0 9.5914182e-01 4.8967893e-03
316.0 9.5771196e-01 4.8931380e-03
317.0 9.5335927e-01 4.8820059e-03
318.0 9.4669736e-01 4.8649187e-03
319.0 9.4523605e-01 4.8611626e-03
320.0 9.4762367e-01 4.8672982e-03
321.0 9.4326353e-01 4.8560878e-03
322.0 9.4110362e-01 4.8505248e-03
323.0 9.4132705e-01 4.8511005e-03
324.0 9.3907681e-01 4.8452988e-03
325.0 9.3710887e-01 4.8402192e-03
326.0 9.3572803e-01 4.8366518e-03
327.0 9.3513806e-01 4.8351269e-03
328.0 9.3673148e-01 4.8392445e-03
329.0 9.3764153e-01 4.8415946e-03
330.0 9.3816494e-01 4.8429458e-03
331.0 9.3915931e-01 4.8455116e-03
332.0 9.4115715e-01 4.8506627e-03
333.0 9.3811657e-01 4.8428209e-03
334.0 9.3977082e-01 4.8470889e-03
335.0 9.4020549e-01 4.8482097e-03
336.0 9.3733169e-01 4.8407946e-03
337.0 9.3527049e-01 4.8354692e-03
338.0 9.3175522e-01 4.8263735e-03
339.0 9.3522344e-01 4.8353476e-03
340.0 9.3660509e-01 4.8389180e-03
341.0 9.4443919e-01 4.8591131e-03
342.0 9.4999197e-01 4.8733766e-03
343.0 9.4299305e-01 4.8553915e-03
344.0 9.4701599e-01 4.8657374e-03
345.0 9.4361068e-01 4.8569813e-03
346.0 9.3786339e-01 4.8421674e-03
347.0 9.3470591e-01 4.8340095e-03
348.0 9.3910702e-01 4.8453767e-03
349.0 9.3785454e-01 4.8421445e-03
350.0 9.3748630e-01 4.8411938e-03
351.0 9.4011917e-01 4.8479872e-03
352.0 9.4307229e-01 4.8555955e-03
353.0 9.4001943e-01 4.8477300e-03
354.0 9.4071791e-01 4.8495307e-03
355.0 9.4080117e-01 4.8497453e-03
356.0 9.4016984e-01 4.8481178e-03
357.0 9.4275299e-01 4.8547734e-03
358.0 9.3796338e-01 4.8424255e-03
359.0 9.3364718e-01 4.8312710e-03
360.0 9.3160808e-01 4.8259924e-03
361.0 9.3512777e-01 4.8351003e-03
362.0 9.3522290e-01 4.8353462e-03
363.0 9.3153142e-01 4.8257938e-03
364.0 9.3527473e-01 4.8354802e-03
365.0 9.3424900e-01 4.8328279e-03
366.0 9.3507201e-01 4.8349561e-03
367.0 9.3026314e-01 4.8225075e-03
368.0 9.3172505e-01 4.8262953e-03
369.0 9.3439068e-01 4.8331943e-03
370.0 9.3796995e-01 4.8424425e-03
371.0 9.4206847e-01 4.8530106e-03
372.0 9.3991225e-01 4.8474536e-03
373.0 9.4021138e-01 4.8482249e-03
374.0 9.3802075e-01 4.8425736e-03
375.0 9.3705249e-01 4.8400736e-03
376.0 9.3414509e-01 4.8325591e-03
377.0 9.3392835e-01 4.8319984e-03
378.0 9.2920216e-01 4.8197566e-03
379.0 9.3500052e-01 4.8347713e-03
380.0 9.2984289e-01 4.8214181e-03
381.0 9.3201481e-01 4.8270457e-03
382.0 9.3581798e-01 4.8368843e-03
383.0 9.3720391e-01 4.8404646e-03
384.0 9.4194062e-01 4.8526813e-03
385.0 9.3499942e-01 4.8347684e-03
386.0 9.3452178e-01 4.8335334e-03
387.0 9.2945286e-01 4.8204068e-03
388.0 9.2517195e-01 4.8092930e-03
389.0 9.2431416e-01 4.8070630e-03
390.0 9.1859409e-01 4.7921657e-03
391.0 9.2000527e-01 4.7958453e-03
392.0 9.2279290e-01 4.8031055e-03
393.0 9.1607696e-01 4.7855955e-03
394.0 9.1466408e-01 4.7819036e-03
395.0 9.2012594e-01 4.7961598e-03
396.0 9.1824264e-01 4.7912489e-03
397.0 9.1898744e-01 4.7931916e-03
398.0 9.2461597e-01 4.8078477e-03
399.0 9.2294200e-01 4.8034935e-03
400.0 9.2749377e-01 4.8153239e-03
401.0 9.3370226e-01 4.8314135e-03
402.0 9.3119303e-01 4.8249172e-03
403.0 9.3439116e-01 4.8331955e-03
404.0 9.3950126e-01 4.8463937e-03
405.0 9.3603154e-01 4.8374362e-03
406.0 9.3724728e-01 4.8405766e-03
407.0 9.4145246e-01 4.8514237e-03
408.0 9.4371985e-01 4.8572622e-03
409.0 9.3633317e-01 4.8382155e-03
410.0 9.3589956e-01 4.8370951e-03
411.0 9.3637428e-01 4.8383217e-03
412.0 9.4106303e-01 4.8504202e-03
413.0 9.3639436e-01 4.8383736e-03
414.0 9.3385202e-01 4.8318010e-03
415.0 9.3231966e-01 4.8278351e-03
416.0 9.3381761e-01 4.8317120e-03
417.0 9.3126571e-01 4.8251055e-03
418.0 9.3579029e-01 4.8368128e-03
419.0 9.4060477e-01 4.8492391e-03
420.0 9.4509562e-01 4.8608015e-03
421.0 9.5128696e-01 4.8766971e-03
422.0 9.5303536e-01 4.8811765e-03
423.0 9.5359952e-01 4.8826210e-03
424.0 9.5371803e-01 4.8829244e-03
425.0 9.5845319e-01 4.8950311e-03
426.0 9.6218598e-01 4.9045540e-03
427.0 9.5983117e-01 4.8985487e-03
428.0 9.5923716e-01 4.8970327e-03
429.0 9.5609531e-01 4.8890063e-03
430.0 9.6269334e-01 4.9058469e-03
431.0 9.6323025e-01 4.9072147e-03
432.0 9.6253237e-01 4.9054367e-03
433.0 9.6158928e-01 4.9030330e-03
434.0 9.6737408e-01 4.9177589e-03
435.0 9.6254164e-01 4.9054604e-03
436.0 9.6334280e-01 4.9075014e-03
437.0 9.6617902e-01 4.9147203e-03
438.0 9.6585785e-01 4.9139034e-03
439.0 9.6930460e-01 4.9226634e-03
440.0 9.6902829e-01 4.9219618e-03
441.0 9.7142582e-01 4.9280468e-03
442.0 9.7268429e-01 4.9312379e-03
443.0 9.7163154e-01 4.9285686e-03
444.0 9.6835339e-01 4.9202474e-03
445.0 9.6616249e-01 4.9146783e-03
446.0 9.6533493e-01 4.9125730e-03
447.0 9.6853963e-01 4.9207206e-03
448.0 9.6561411e-01 4.9132833e-03
449.0 9.7198525e-01 4.9294656e-03
450.0 9.7217752e-01 4.9299532e-03
451.0 9.6997145e-01 4.9243564e-03
452.0 9.7042019e-01 4.9254954e-03
453.0 9.7144594e-01 4.9280979e-03
454.0 9.7193365e-01 4.9293348e-03
455.0 9.7368506e-01 4.9337741e-03
456.0 9.6654457e-01 4.9156500e-03
457.0 9.6712542e-01 4.9171268e-03
458.0 9.5897496e-01 4.8963634e-03
459.0 9.5702015e-01 4.8913704e-03
460.0 9.6117680e-01 4.9019813e-03
461.0 9.5704290e-01 4.8914285e-03
462.0 9.5741748e-01 4.8923856e-03
463.0 9.5523050e-01 4.8867947e-03
464.0 9.4914976e-01 4.8712159e-03
465.0 9.4869210e-01 4.8700413e-03
466.0 9.4930358e-01 4.8716106e-03
467.0 9.4396862e-01 4.8579024e-03
468.0 9.4193841e-01 4.8526756e-03
469.0 9.3503203e-01 4.8348527e-03
470.0 9.3618294e-01 4.8378274e-03
471.0 9.3680723e-01 4.8394402e-03
472.0 9.4086282e-01 4.8499042e-03
473.0 9.3539100e-01 4.8357807e-03
474.0 9.3249618e-01 4.8282921e-03
475.0 9.3893270e-01 4.8449270e-03
476.0 9.4242650e-01 4.8539327e-03
477.0 9.4765785e-01 4.8673860e-03
478.0 9.4883382e-01 4.8704051e-03
479.0 9.5049754e-01 4.8746732e-03
480.0 9.4714966e-01 4.8660807e-03
481.0 9.5187554e-01 4.8782055e-03
482.0 9.5052412e-01 4.8747414e-03
483.0 9.4555938e-01 4.8619939e-03
484.0 9.5118904e-01 4.8764461e-03
485.0 9.5183255e-01 4.8780953e-03
486.0 9.5266436e-01 4.8802264e-03
487.0 9.4963756e-01 4.8724675e-03
488.0 9.5215202e-01 4.8789139e-03
489.0 9.5389717e-01 4.8833830e-03
490.0 9.4830266e-01 4.8690417e-03
491.0 9.4381106e-01 4.8574970e-03
492.0 9.4581194e-01 4.8626432e-03
493.0 9.4317585e-01 4.8558621e-03
494.0 9.4672849e-01 4.8649987e-03
495.0 9.4838903e-01 4.8692634e-03
496.0 9.4868446e-01 4.8700217e-03
497.0 9.4572726e-01 4.8624255e-03
498.0 9.4099845e-01 4.8502538e-03
499.0 9.4303497e-01 4.8554994e-03
500.0 9.4429986e-01 4.8587547e-03
501.0 9.4399521e-01 4.8579708e-03
502.0 9.4424948e-01 4.8586250e-03
503.0 9.4236202e-01 4.8537667e-03
504.0 9.4232215e-01 4.8536640e-03
505.0 9.3951599e-01 4.8464317e-03
506.0 9.3988358e-01 4.8473797e-03
507.0 9.4145347e-01 4.8514263e-03
508.0 9.3977956e-01 4.8471114e-03
509.0 9.3508255e-01 4.8349834e-03
510.0 9.4140543e-01 4.8513025e-03
511.0 9.3859281e-01 4.8440500e-03
512.0 9.4372642e-01 4.8572791e-03
513.0 9.4088908e-01 4.8499719e-03
514.0 9.3728293e-01 4.8406687e-03
515.0 9.4360634e-01 4.8569701e-03
516.0 9.5078850e-01 4.8754192e-03
517.0 9.4705981e-01 4.8658499e-03
518.0 9.5172267e-01 4.8778137e-03
519.0 9.5490508e-01 4.8859623e-03
520.0 9.5160425e-01 4.8775103e-03
521.0 9.5221690e-01 4.8790801e-03
522.0 9.4675550e-01 4.8650681e-03
523.0 9.4135926e-01 4.8511835e-03
524.0 9.4025849e-01 4.8483464e-03
525.0 9.4179525e-01 4.8523068e-03
526.0 9.4774876e-01 4.8676195e-03
527.0 9.5086797e-01 4.8756230e-03
528.0 9.5242205e-01 4.8796057e-03
529.0 9.5303239e-01 4.8811689e-03
530.0 9.5318581e-01 4.8815618e-03
531.0 9.5172564e-01 4.8778214e-03
532.0 9.5399536e-01 4.8836343e-03
533.0 9.4563918e-01 4.8621991e-03
534.0 9.4196538e-01 4.8527451e-03
535.0 9.4080235e-01 4.8497484e-03
536.0 9.4136229e-01 4.8511913e-03
537.0 9.4062659e-01 4.8492953e-03
538.0 9.3971599e-01 4.8469475e-03
539.0 9.4396595e-01 4.8578955e-03
540.0 9.4428921e-01 4.8587273e-03
541.0 9.4457842e-01 4.8594712e-03
542.0 9.4403142e-01 4.8580640e-03
543.0 9.4277539e-01 4.8548311e-03
544.0 9.4259698e-01 4.8543717e-03
545.0 9.4385485e-01 4.8576096e-03
546.0 9.4927868e-01 4.8715467e-03
547.0 9.5067825e-01 4.8751366e-03
548.0 9.4681396e-01 4.8652183e-03
549.0 9.4658499e-01 4.8646300e-03
550.0 9.4591784e-01 4.8629154e-03
551.0 9.4162611e-01 4.8518711e-03
552.0 9.3475454e-01 4.8341353e-03
553.0 9.3689242e-01 4.8396602e-03
554.0 9.4000815e-01 4.8477009e-03
555.0 9.4337218e-01 4.8563675e-03
556.0 9.4293928e-01 4.8552531e-03
557.0 9.4636546e-01 4.8640659e-03
558.0 9.4800699e-01 4.8682825e-03
559.0 9.5085524e-01 4.8755903e-03
560.0 9.5091733e-01 4.8757495e-03
561.0 9.4340251e-01 4.8564455e-03
562.0 9.3877704e-01 4.8445254e-03
563.0 9.3479223e-01 4.8342327e-03
564.0 9.3536534e-01 4.8357144e-03
565.0 9.3013936e-01 4.8221867e-03
566.0 9.2713189e-01 4.8143844e-03
567.0 9.3129326e-01 4.8251769e-03
568.0 9.2869026e-01 4.8184289e-03
569.0 9.2978747e-01 4.8212744e-03
570.0 9.3216487e-01 4.8274343e-03
571.0 9.2901035e-01 4.8192592e-03
572.0 9.2322047e-01 4.8042181e-03
573.0 9.2478186e-01 4.8082790e-03
574.0 9.2829449e-01 4.8174020e-03
575.0 9.2964353e-01 4.8209012e-03
576.0 9.2462370e-01 4.8078678e-03
577.0 9.2624117e-01 4.8120712e-03
578.0 9.2622793e-01 4.8120368e-03
579.0 9.3031514e-01 4.8226423e-03
580.0 9.3406707e-01 4.8323573e-03
581.0 9.3348949e-01 4.8308630e-03
582.0 9.2645284e-01 4.8126210e-03
583.0 9.2172032e-01 4.8003134e-03
584.0 9.2556984e-01 4.8103270e-03
585.0 9.2552857e-01 4.8102198e-03
586.0 9.2774902e-01 4.8159865e-03
587.0 9.2848875e-01 4.8179061e-03
588.0 9.3160937e-01 4.8259957e-03
589.0 9.3620297e-01 4.8378791e-03
590.0 9.3410126e-01 4.8324457e-03
591.0 9.3260207e-01 4.8285662e-03
592.0 9.3191253e-01 4.8267809e-03
593.0 9.2648819e-01 4.8127128e-03
594.0 9.3292516e-01 4.8294026e-03
595.0 9.3351860e-01 4.8309384e-03
596.0 9.3411532e-01 4.8324821e-03
597.0 9.3501861e-01 4.8348180e-03
598.0 9.3986443e-01 4.8473303e-03
599.0 9.3951760e-01 4.8464358e-03
600.0 9.3846389e-01 4.8437173e-03
601.0 9.3623863e-01 4.8379713e-03
602.0 9.3642307e-01 4.8384478e-03
603.0 9.3455702e-01 4.8336245e-03
604.0 9.3586501e-01 4.8370058e-03
605.0 9.3335597e-01 4.8305175e-03
606.0 9.3605959e-01 4.8375087e-03
607.0 9.3171772e-01 4.8262763e-03
608.0 9.3203948e-01 4.8271096e-03
609.0 9.3508585e-01 4.8349919e-03
610.0 9.3313903e-01 4.8299561e-03
611.0 9.3108766e-01 4.8246442e-03
612.0 9.2995004e-01 4.8216959e-03
613.0 9.3083833e-01 4.8239982e-03
614.0 9.2774749e-01 4.8159825e-03
615.0 9.3474481e-01 4.8341101e-03
616.0 9.3948741e-01 4.8463580e-03
617.0 9.3848895e-01 4.8437820e-03
618.0 9.4171447e-01 4.8520987e-03
619.0 9.4119683e-01 4.8507650e-03
620.0 9.3958972e-01 4.8466218e-03
621.0 9.4454799e-01 4.8593930e-03
622.0 9.3986590e-01 4.8473341e-03
623.0 9.4337620e-01 4.8563778e-03
624.0 9.4178593e-01 4.8522828e-03
625.0 9.4049575e-01 4.8489580e-03
626.0 9.4615592e-01 4.8635273e-03
627.0 9.4451700e-01 4.8593132e-03
628.0 9.4014034e-01 4.8480417e-03
629.0 9.5122830e-01 4.8765467e-03
630.0 9.5260992e-01 4.8800869e-03
631.0 9.5397741e-01 4.8835884e-03
632.0 9.5528110e-01 4.8869242e-03
633.0 9.5155971e-01 4.8773961e-03
634.0 9.5287812e-01 4.8807738e-03
635.0 9.5106193e-01 4.8761202e-03
636.0 9.5529503e-01 4.8869598e-03
637.0 9.5700986e-01 4.8913441e-03
638.0 9.5994668e-01 4.8988435e-03
639.0 9.5974843e-01 4.8983376e-03
640.0 9.5934537e-01 4.8973089e-03
641.0 9.5876628e-01 4.8958306e-03
642.0 9.5652693e-01 4.8901098e-03
643.0 9.6214129e-01 4.9044401e-03
644.0 9.6169663e-01 4.9033067e-03
645.0 9.6611448e-01 4.9145562e-03
646.0 9.6703370e-01 4.9168936e-03
647.0 9.6863414e-01 4.9209606e-03
648.0 9.6215739e-01 4.9044811e-03
649.0 9.5777182e-01 4.8932909e-03
650.0 9.6106524e-01 4.9016968e-03
651.0 9.6120940e-01 4.9020644e-03
652.0 9.6278017e-01 4.9060681e-03
653.0 9.6352937e-01 4.9079766e-03
654.0 9.6022976e-01 4.8995657e-03
655.0 9.6199828e-01 4.9040756e-03
656.0 9.5801328e-01 4.8939077e-03
657.0 9.5770395e-01 4.8931175e-03
658.0 9.5969414e-01 4.8981990e-03
659.0 9.5899817e-01 4.8964226e-03
660.0 9.5814869e-01 4.8942535e-03
661.0 9.5952319e-01 4.8977628e-03
662.0 9.6307968e-01 4.9068312e-03
663.0 9.5703184e-01 4.8914002e-03
664.0 9.5914380e-01 4.8967944e-03
665.0 9.5777672e-01 4.8933034e-03
666.0 9.6096756e-01 4.9014477e-03
667.0 9.6084458e-01 4.9011340e-03
668.0 9.6115904e-01 4.9019360e-03
669.0 9.5643904e-01 4.8898851e-03
670.0 9.5234027e-01 4.8793962e-03
671.0 9.4861579e-01 4.8698455e-03
672.0 9.4177920e-01 4.8522655e-03
673.0 9.3661115e-01 4.8389337e-03
674.0 9.3973160e-01 4.8469877e-03
675.0 9.3939053e-01 4.8461081e-03
676.0 9.4325742e-01 4.8560721e-03
677.0 9.4678978e-01 4.8651562e-03
678.0 9.4934130e-01 4.8717074e-03
679.0 9.4388667e-01 4.8576915e-03
680.0 9.4657112e-01 4.8645944e-03
681.0 9.4913563e-01 4.8711796e-03
682.0 9.5349215e-01 4.8823462e-03
683.0 9.5121078e-01 4.8765018e-03
684.0 9.4913116e-01 4.8711682e-03
685.0 9.5098393e-01 4.8759203e-03
686.0 9.5066310e-01 4.8750977e-03
687.0 9.5458341e-01 4.8851393e-03
688.0 9.4466226e-01 4.8596869e-03
689.0 9.4248338e-01 4.8540792e-03
690.0 9.4970988e-01 4.8726530e-03
691.0 9.5386263e-01 4.8832946e-03
692.0 9.5780583e-01 4.8933778e-03
693.0 9.5768107e-01 4.8930591e-03
694.0 9.5324878e-01 4.8817230e-03
695.0 9.5922950e-01 4.8970131e-03
696.0 9.6356369e-01 4.9080640e-03
697.0 9.6223008e-01 4.9046664e-03
698.0 9.5803345e-01 4.8939592e-03
699.0 9.5594087e-01 4.8886115e-03
700.0 9.5260533e-01 4.8800752e-03
701.0 9.5093623e-01 4.8757980e-03
702.0 9.4445405e-01 4.8591513e-03
703.0 9.4826663e-01 4.8689492e-03
704.0 9.5275875e-01 4.8804681e-03
705.0 9.5029568e-01 4.8741555e-03
706.0 9.5432427e-01 4.8844761e-03
707.0 9.5007358e-01 4.8735859e-03
708.0 9.4236746e-01 4.8537807e-03
709.0 9.5195963e-01 4.8784209e-03
710.0 9.5247250e-01 4.8797349e-03
711.0 9.5598511e-01 4.8887246e-03
712.0 9.5782584e-01 4.8934289e-03
713.0 9.6059590e-01 4.9004997e-03
714.0 9.6117083e-01 4.9019660e-03
715.0 9.6048038e-01 4.9002051e-03
716.0 9.5998856e-01 4.8989503e-03
717.0 9.5884003e-01 4.8960189e-03
718.0 9.5863565e-01 4.8954971e-03
719.0 9.5537738e-01 4.8871704e-03
720.0 9.5355099e-01 4.8824968e-03
721.0 9.5677579e-01 4.8907458e-03
722.0 9.5531578e-01 4.8870129e-03
723.0 9.5217554e-01 4.8789741e-03
724.0 9.5127457e-01 4.8766653e-03
725.0 9.5249032e-01 4.8797806e-03
726.0 9.5003876e-01 4.8734966e-03
727.0 9.5548155e-01 4.8874369e-03
728.0 9.5941867e-01 4.8974960e-03
729.0 9.5602871e-01 4.8888361e-03
730.0 9.6037490e-01 4.8999360e-03
731.0 9.5703162e-01 4.8913997e-03
732.0 9.5538712e-01 4.8871953e-03
733.0 9.5744689e-01 4.8924608e-03
734.0 9.5458409e-01 4.8851410e-03
735.0 9.5275577e-01 4.8804605e-03
736.0 9.5193955e-01 4.8783695e-03
737.0 9.4469971e-01 4.8597832e-03
738.0 9.4927691e-01 4.8715422e-03
739.0 9.4973719e-01 4.8727231e-03
740.0 9.4920998e-01 4.8713704e-03
741.0 9.5064807e-01 4.8750592e-03
742.0 9.4780280e-01 4.8677582e-03
743.0 9.4914991e-01 4.8712163e-03
744.0 9.4266006e-01 4.8545341e-03
745.0 9.4156757e-01 4.8517203e-03
746.0 9.4149380e-01 4.8515302e-03
747.0 9.3519834e-01 4.8352827e-03
748.0 9.3512083e-01 4.8350823e-03
749.0 9.3635154e-01 4.8382630e-03
750.0 9.3831465e-01 4.8433322e-03
751.0 9.4095496e-01 4.8501417e-03
752.0 9.4163316e-01 4.8518892e-03
753.0 9.4215720e-01 4.8532392e-03
754.0 9.4317328e-01 4.8558555e-03
755.0 9.3890726e-01 4.8448614e-03
756.0 9.3598002e-01 4.8373030e-03
757.0 9.3301848e-01 4.8296441e-03
758.0 9.3651397e-01 4.8386826e-03
759.0 9.3766706e-01 4.8416605e-03
760.0 9.4052533e-01 4.8490343e-03
761.0 9.4390665e-01 4.8577429e-03
762.0 9.4718900e-01 4.8661818e-03
763.0 9.4794622e-01 4.8681265e-03
764.0 9.5193237e-01 4.8783511e-03
765.0 9.5191788e-01 4.8783140e-03
766.0 9.5069013e-01 4.8751670e-03
767.0 9.5285258e-01 4.8807084e-03
768.0 9.4914022e-01 4.8711914e-03
769.0 9.4704644e-01 4.8658156e-03
770.0 9.5321280e-01 4.8816309e-03
771.0 9.5357021e-01 4.8825460e-03
772.0 9.5382344e-01 4.8831943e-03
773.0 9.5063393e-01 4.8750229e-03
774.0 9.5410926e-01 4.8839259e-03
775.0 9.6007712e-01 4.8991763e-03
776.0 9.5993312e-01 4.8988089e-03
777.0 9.5898276e-01 4.8963833e-03
778.0 9.5905208e-01 4.8965602e-03
779.0 9.6259951e-01 4.9056078e-03
780.0 9.6278883e-01 4.9060902e-03
781.0 9.6459451e-01 4.9106887e-03
782.0 9.6319770e-01 4.9071318e-03
783.0 9.6097284e-01 4.9014611e-03
784.0 9.5953837e-01 4.8978015e-03
785.0 9.5926235e-01 4.8970970e-03
786.0 9.5831917e-01 4.8946889e-03
787.0 9.4926855e-01 4.8715207e-03
788.0 9.5127867e-01 4.8766758e-03
789.0 9.4645318e-01 4.8642913e-03
790.0 9.4401743e-01 4.8580280e-03
791.0 9.4707475e-01 4.8658883e-03
792.0 9.5278255e-01 4.8805291e-03
793.0 9.5743438e-01 4.8924288e-03
794.0 9.5726758e-01 4.8920026e-03
795.0 9.6139931e-01 4.9025486e-03
796.0 9.6107240e-01 4.9017150e-03
797.0 9.5719084e-01 4.8918066e-03
798.0 9.5291836e-01 4.8808769e-03
799.0 9.5033121e-01 4.8742467e-03
800.0 9.4859996e-01 4.8698048e-03
801.0 9.4757622e-01 4.8671764e-03
802.0 9.4396545e-01 4.8578942e-03
803.0 9.4464818e-01 4.8596507e-03
804.0 9.4869390e-01 4.8700460e-03
805.0 9.4395250e-01 4.8578609e-03
806.0 9.5095518e-01 4.8758466e-03
807.0 9.4821642e-01 4.8688203e-03
808.0 9.4816416e-01 4.8686861e-03
809.0 9.5257262e-01 4.8799914e-03
810.0 9.5270980e-01 4.8803428e-03
811.0 9.5173782e-01 4.8778526e-03
812.0 9.5436969e-01 4.8845923e-03
813.0 9.5267996e-01 4.8802663e-03
814.0 9.5024407e-01 4.8740232e-03
815.0 9.4696641e-01 4.8656100e-03
816.0 9.4959345e-01 4.8723543e-03
817.0 9.5297769e-01 4.8810288e-03
818.0 9.5939977e-01 4.8974477e-03
819.0 9.6093556e-01 4.9013661e-03
820.0 9.6089841e-01 4.9012713e-03
821.0 9.5971099e-01 4.8982420e-03
822.0 9.5931508e-01 4.8972316e-03
823.0 9.5999537e-01 4.8989677e-03
824.0 9.6195732e-01 4.9039712e-03
825.0 9.5851932e-01 4.8952000e-03
826.0 9.5737490e-01 4.8922768e-03
827.0 9.5569117e-01 4.8879729e-03
828.0 9.5601713e-01 4.8888065e-03
829.0 9.5668439e-01 4.8905122e-03
830.0 9.4835589e-01 4.8691783e-03
831.0 9.5033153e-01 4.8742475e-03
832.0 9.4889642e-01 4.8705658e-03
833.0 9.5055881e-01 4.8748303e-03
834.0 9.4913922e-01 4.8711888e-03
835.0 9.4982386e-01 4.8729454e-03
836.0 9.5194148e-01 4.8783745e-03
837.0 9.5293967e-01 4.8809315e-03
838.0 9.4566877e-01 4.8622751e-03
839.0 9.4730043e-01 4.8664680e-03
840.0 9.4886223e-01 4.8704780e-03
841.0 9.4744747e-01 4.8668457e-03
842.0 9.4814971e-01 4.8686490e-03
843.0 9.4978799e-01 4.8728534e-03
844.0 9.4383594e-01 4.8575610e-03
845.0 9.4600721e-01 4.8631451e-03
846.0 9.4582568e-01 4.8626785e-03
847.0 9.4719751e-01 4.8662037e-03
848.0 9.4795083e-01 4.8681383e-03
849.0 9.5341698e-01 4.8821537e-03
850.0 9.5333784e-01 4.8819511e-03
851.0 9.5096958e-01 4.8758835e-03
852.0 9.4640139e-01 4.8641582e-03
853.0 9.4594299e-01 4.8629800e-03
854.0 9.3975980e-01 4.8470605e-03
855.0 9.3697560e-01 4.8398750e-03
856.0 9.3693499e-01 4.8397701e-03
857.0 9.3347247e-01 4.8308190e-03
858.0 9.3489082e-01 4.8344876e-03
859.0 9.2975263e-01 4.8211841e-03
860.0 9.3153740e-01 4.8258093e-03
861.0 9.3691141e-01 4.8397092e-03
862.0 9.3860071e-01 4.8440704e-03
863.0 9.3627242e-01 4.8380586e-03
864.0 9.3365262e-01 4.8312851e-03
865.0 9.3538113e-01 4.8357552e-03
866.0 9.4014198e-01 4.8480460e-03
867.0 9.3591173e-01 4.8371266e-03
868.0 9.3697143e-01 4.8398643e-03
869.0 9.3750749e-01 4.8412485e-03
870.0 9.3517037e-01 4.8352104e-03
871.0 9.4004968e-01 4.8478080e-03
872.0 9.3976069e-01 4.8470628e-03
873.0 9.4107980e-01 4.8504634e-03
874.0 9.3706643e-01 4.8401096e-03
875.0 9.3600531e-01 4.8373684e-03
876.0 9.3450114e-01 4.8334800e-03
877.0 9.3628135e-01 4.8380817e-03
878.0 9.3183358e-01 4.8265764e-03
879.0 9.3030203e-01 4.8226083e-03
880.0 9.2362592e-01 4.8052730e-03
881.0 9.2507414e-01 4.8090388e-03
882.0 9.2182967e-01 4.8005981e-03
883.0 9.2520968e-01 4.8093911e-03
884.0 9.2932063e-01 4.8200639e-03
885.0 9.2794493e-01 4.8164949e-03
886.0 9.2871923e-01 4.8185040e-03
887.0 9.3051758e-01 4.8231670e-03
888.0 9.3601190e-01 4.8373854e-03
889.0 9.3912136e-01 4.8454137e-03
890.0 9.3899651e-01 4.8450916e-03
891.0 9.3566288e-01 4.8364835e-03
892.0 9.3655950e-01 4.8388002e-03
893.0 9.3631501e-01 4.8381686e-03
894.0 9.4176973e-01 4.8522411e-03
895.0 9.4128770e-01 4.8509991e-03
896.0 9.4115341e-01 4.8506531e-03
897.0 9.4335458e-01 4.8563221e-03
898.0 9.4277262e-01 4.8548240e-03
899.0 9.3501160e-01 4.8347999e-03
900.0 9.3664900e-01 4.8390314e-03
901.0 9.3750347e-01 4.8412382e-03
902.0 9.3526212e-01 4.8354476e-03
903.0 9.4130918e-01 4.8510545e-03
904.0 9.4335471e-01 4.8563225e-03
905.0 9.4150805e-01 4.8515669e-03
906.0 9.4274145e-01 4.8547437e-03
907.0 9.4513259e-01 4.8608965e-03
908.0 9.4105654e-01 4.8504035e-03
909.0 9.4044981e-01 4.8488396e-03
910.0 9.4591933e-01 4.8629192e-03
911.0 9.4331614e-01 4.8562232e-03
912.0 9.4583578e-01 4.8627045e-03
913.0 9.4699688e-01 4.8656883e-03
914.0 9.4806506e-01 4.8684316e-03
915.0 9.4936742e-01 4.8717744e-03
916.0 9.4879783e-01 4.8703127e-03
917.0 9.5064593e-01 4.8750537e-03
918.0 9.4620117e-01 4.8636436e-03
919.0 9.4148861e-01 4.8515168e-03
920.0 9.4862866e-01 4.8698785e-03
921.0 9.5134547e-01 4.8768470e-03
922.0 9.4597766e-01 4.8630692e-03
923.0 9.4339606e-01 4.8564289e-03
924.0 9.4518828e-01 4.8610397e-03
925.0 9.4889935e-01 4.8705733e-03
926.0 9.5137579e-01 4.8769247e-03
927.0 9.4465558e-01 4.8596697e-03
928.0 9.4682672e-01 4.8652511e-03
929.0 9.4890927e-01 4.8705987e-03
930.0 9.4974295e-01 4.8727378e-03
931.0 9.4828633e-01 4.8689997e-03
932.0 9.4417207e-01 4.8584259e-03
933.0 9.4479798e-01 4.8600360e-03
934.0 9.4653052e-01 4.8644900e-03
935.0 9.4517642e-01 4.8610092e-03
936.0 9.4675213e-01 4.8650595e-03
937.0 9.4725559e-01 4.8663528e-03
938.0 9.4664242e-01 4.8647776e-03
939.0 9.4156026e-01 4.8517014e-03
940.0 9.3961275e-01 4.8466812e-03
941.0 9.4243034e-01 4.8539426e-03
942.0 9.3843379e-01 4.8436396e-03
943.0 9.4008315e-01 4.8478943e-03
944.0 9.4700586e-01 4.8657113e-03
945.0 9.4454830e-01 4.8593938e-03
946.0 9.4226849e-01 4.8535258e-03
947.0 9.4223674e-01 4.8534440e-03
948.0 9.4230759e-01 4.8536265e-03
949.0 9.4193693e-01 4.8526718e-03
950.0 9.4382942e-01 4.8575442e-03
951.0 9.4295599e-01 4.8552961e-03
952.0 9.4873192e-01 4.8701435e-03
953.0 9.5558467e-01 4.8877006e-03
954.0 9.5732705e-01 4.8921546e-03
955.0 9.5740148e-01 4.8923448e-03
956.0 9.6171224e-01 4.9033464e-03
957.0 9.5963985e-01 4.8980605e-03
958.0 9.5224607e-01 4.8791549e-03
959.0 9.5632660e-01 4.8895977e-03
960.0 9.5679343e-01 4.8907909e-03
961.0 9.5868185e-01 4.8956150e-03
962.0 9.5790227e-01 4.8936241e-03
963.0 9.5452214e-01 4.8849825e-03
964.0 9.5713941e-01 4.8916751e-03
965.0 9.6060119e-01 4.9005132e-03
966.0 9.5983804e-01 4.8985663e-03
967.0 9.6099693e-01 4.9015226e-03
968.0 9.6012278e-01 4.8992928e-03
969.0 9.6551454e-01 4.9130300e-03
970.0 9.6717742e-01 4.9172590e-03
971.0 9.6718371e-01 4.9172750e-03
972.0 9.6981055e-01 4.9239480e-03
973.0 9.6832675e-01 4.9201798e-03
974.0 9.6466764e-01 4.9108748e-03
975.0 9.7105508e-01 4.9271064e-03
976.0 9.7589212e-01 4.9393626e-03
977.0 9.7525582e-01 4.9377521e-03
978.0 9.7734160e-01 4.9430295e-03
979.0 9.7904399e-01 4.9473326e-03
980.0 9.8164729e-01 4.9539058e-03
981.0 9.7866180e-01 4.9463669e-03
982.0 9.7318038e-01 4.9324953e-03
983.0 9.8154344e-01 4.9536437e-03
984.0 9.7978693e-01 4.9492094e-03
985.0 9.7698006e-01 4.9421151e-03
986.0 9.7516885e-01 4.9375319e-03
987.0 9.7409528e-01 4.9348133e-03
988.0 9.6935740e-01 4.9227975e-03
989.0 9.6505376e-01 4.9118575e-03
990.0 9.6379656e-01 4.9086571e-03
991.0 9.6347724e-01 4.9078439e-03
992.0 9.6494647e-01 4.9115845e-03
993.0 9.6813427e-01 4.9196907e-03
994.0 9.6594834e-01 4.9141336e-03
995.0 9.5966045e-01 4.8981131e-03
996.0 9.6172010e-01 4.9033665e-03
997.0 9.6528023e-01 4.9124338e-03
998.0 9.6564193e-01 4.9133541e-03
999.0 9.6745437e-01 4.9179630e-03
1000.0 9.6964207e-01 4.9235203e-03
