1.0 9.5396913e-01 5.0952988e-03
2.0 9.5595355e-01 5.1005956e-03
3.0 9.6014096e-01 5.1117546e-03
4.0 9.5377020e-01 5.0947675e-03
5.0 9.5739405e-01 5.1044371e-03
6.0 9.5500862e-01 5.0980741e-03
7.0 9.6036773e-01 5.1123582e-03
8.0 9.6361268e-01 5.1209878e-03
9.0 9.6192230e-01 5.1164942e-03
10.0 9.6857832e-01 5.1341655e-03
11.0 9.7111050e-01 5.1408723e-03
12.0 9.7199450e-01 5.1432117e-03
13.0 9.7293812e-01 5.1457076e-03
14.0 9.7178497e-01 5.1426573e-03
15.0 9.7504433e-01 5.1512743e-03
16.0 9.7332665e-01 5.1467349e-03
17.0 9.7340657e-01 5.1469462e-03
18.0 9.7014324e-01 5.1383114e-03
19.0 9.7060559e-01 5.1395357e-03
20.0 9.7019494e-01 5.1384483e-03
21.0 9.7152784e-01 5.1419769e-03
22.0 9.6665637e-01 5.1290691e-03
23.0 9.6465529e-01 5.1237575e-03
24.0 9.6373766e-01 5.1213199e-03
25.0 9.6755748e-01 5.1314592e-03
26.0 9.6618833e-01 5.1278273e-03
27.0 9.6597422e-01 5.1272591e-03
28.0 9.6958394e-01 5.1368301e-03
29.0 9.7336017e-01 5.1468235e-03
30.0 9.7436436e-01 5.1494778e-03
31.0 9.7411913e-01 5.1488297e-03
32.0 9.7049608e-01 5.1392457e-03
33.0 9.7399305e-01 5.1484965e-03
34.0 9.7829077e-01 5.1598428e-03
35.0 9.7596903e-01 5.1537163e-03
36.0 9.7574350e-01 5.1531208e-03
37.0 9.7399060e-01 5.1484900e-03
38.0 9.7045098e-01 5.1391263e-03
39.0 9.7200159e-01 5.1432304e-03
40.0 9.7078417e-01 5.1400085e-03
41.0 9.6860260e-01 5.1342299e-03
42.0 9.7153963e-01 5.1420081e-03
43.0 9.6637432e-01 5.1283208e-03
44.0 9.6716372e-01 5.1304149e-03
45.0 9.6728069e-01 5.1307252e-03
46.0 9.6677500e-01 5.1293838e-03
47.0 9.6614125e-01 5.1277023e-03
48.0 9.6727461e-01 5.1307090e-03
49.0 9.6424872e-01 5.1226776e-03
50.0 9.6332830e-01 5.1202322e-03
51.0 9.5846186e-01 5.1072828e-03
52.0 9.5653359e-01 5.1021428e-03
53.0 9.5503740e-01 5.0981508e-03
54.0 9.5581806e-01 5.1002341e-03
55.0 9.5348828e-01 5.0940144e-03
56.0 9.5253111e-01 5.0914570e-03
57.0 9.5148471e-01 5.0886596e-03
58.0 9.5480477e-01 5.0975299e-03
59.0 9.5381398e-01 5.0948844e-03
60.0 9.5538617e-01 5.0990817e-03
61.0 9.5573188e-01 5.1000042e-03
62.0 9.6018925e-01 5.1118831e-03
63.0 9.6225464e-01 5.1173780e-03
64.0 9.6129292e-01 5.1148201e-03
65.0 9.5951207e-01 5.1100802e-03
66.0 9.5865877e-01 5.1078075e-03
67.0 9.5669538e-01 5.1025742e-03
68.0 9.5495036e-01 5.0979185e-03
69.0 9.5459266e-01 5.0969637e-03
70.0 9.5627442e-01 5.1014515e-03
71.0 9.6095436e-01 5.1139193e-03
72.0 9.6102149e-01 5.1140980e-03
73.0 9.5587951e-01 5.1003980e-03
74.0 9.5611455e-01 5.1010250e-03
75.0 9.5344292e-01 5.0938933e-03
76.0 9.5273735e-01 5.0920081e-03
77.0 9.5385500e-01 5.0949939e-03
78.0 9.5156745e-01 5.0888808e-03
79.0 9.5251264e-01 5.0914076e-03
80.0 9.4969871e-01 5.0838815e-03
81.0 9.5246041e-01 5.0912680e-03
82.0 9.5319445e-01 5.0932295e-03
83.0 9.4941617e-01 5.0831252e-03
84.0 9.5172769e-01 5.0893093e-03
85.0 9.4889835e-01 5.0817388e-03
86.0 9.5377947e-01 5.0947922e-03
87.0 9.5780480e-01 5.1055319e-03
88.0 9.5344516e-01 5.0938993e-03
89.0 9.5442155e-01 5.0965068e-03
90.0 9.5416433e-01 5.0958200e-03
91.0 9.5587762e-01 5.1003930e-03
92.0 9.5725350e-01 5.1040624e-03
93.0 9.5962685e-01 5.1103858e-03
94.0 9.6217057e-01 5.1171545e-03
95.0 9.6060322e-01 5.1129849e-03
96.0 9.6304851e-01 5.1194885e-03
97.0 9.6218952e-01 5.1172049e-03
98.0 9.6435880e-01 5.1229701e-03
99.0 9.6442701e-01 5.1231512e-03
100.0 9.6690692e-01 5.1297338e-03
101.0 9.6900105e-01 5.1352858e-03
102.0 9.6997657e-01 5.1378700e-03
103.0 9.6967116e-01 5.1370611e-03
104.0 9.6663879e-01 5.1290225e-03
105.0 9.7132425e-01 5.1414381e-03
106.0 9.7012372e-01 5.1382598e-03
107.0 9.6948905e-01 5.1365787e-03
108.0 9.7163416e-01 5.1422582e-03
109.0 9.6740000e-01 5.1310416e-03
110.0 9.6903368e-01 5.1353722e-03
111.0 9.6442330e-01 5.1231414e-03
112.0 9.6109149e-01 5.1142842e-03
113.0 9.6025594e-01 5.1120606e-03
114.0 9.6162393e-01 5.1157006e-03
115.0 9.5665803e-01 5.1024746e-03
116.0 9.6079986e-01 5.1135082e-03
117.0 9.6591555e-01 5.1271033e-03
118.0 9.6928272e-01 5.1360321e-03
119.0 9.7256735e-01 5.1447270e-03
120.0 9.7472896e-01 5.1504411e-03
121.0 9.7384857e-01 5.1481146e-03
122.0 9.7067339e-01 5.1397152e-03
123.0 9.6487109e-01 5.1243306e-03
124.0 9.6495633e-01 5.1245569e-03
125.0 9.6532446e-01 5.1255344e-03
126.0 9.6363217e-01 5.1210396e-03
127.0 9.6446502e-01 5.1232522e-03
128.0 9.6499144e-01 5.1246502e-03
129.0 9.6611494e-01 5.1276325e-03
130.0 9.6585136e-01 5.1269330e-03
131.0 9.6605549e-01 5.1274747e-03
132.0 9.6344922e-01 5.1205535e-03
133.0 9.6442123e-01 5.1231359e-03
134.0 9.6545777e-01 5.1258883e-03
135.0 9.6656881e-01 5.1288368e-03
136.0 9.6108941e-01 5.1142787e-03
137.0 9.6500281e-01 5.1246804e-03
138.0 9.6540080e-01 5.1257370e-03
139.0 9.6402961e-01 5.1220956e-03
140.0 9.6865603e-01 5.1343715e-03
141.0 9.6719246e-01 5.1304912e-03
142.0 9.7040061e-01 5.1389930e-03
143.0 9.6741979e-01 5.1310941e-03
144.0 9.6692060e-01 5.1297701e-03
145.0 9.6267225e-01 5.1184883e-03
146.0 9.6038618e-01 5.1124073e-03
147.0 9.5684189e-01 5.1029649e-03
148.0 9.5747263e-01 5.1046465e-03
149.0 9.5886161e-01 5.1083478e-03
150.0 9.6256982e-01 5.1182160e-03
151.0 9.6825160e-01 5.1332995e-03
152.0 9.7027027e-01 5.1386478e-03
153.0 9.7624917e-01 5.1544559e-03
154.0 9.7999036e-01 5.1643230e-03
155.0 9.8073115e-01 5.1662745e-03
156.0 9.7702252e-01 5.1564971e-03
157.0 9.7153767e-01 5.1420029e-03
158.0 9.6909687e-01 5.1355397e-03
159.0 9.6709130e-01 5.1302229e-03
160.0 9.6248144e-01 5.1179811e-03
161.0 9.6208460e-01 5.1169258e-03
162.0 9.5678986e-01 5.1028262e-03
163.0 9.5508193e-01 5.0982697e-03
164.0 9.5252959e-01 5.0914529e-03
165.0 9.5670335e-01 5.1025955e-03
166.0 9.5714538e-01 5.1037741e-03
167.0 9.5572477e-01 5.0999852e-03
168.0 9.6059796e-01 5.1129709e-03
169.0 9.5412515e-01 5.0957154e-03
170.0 9.5598680e-01 5.1006843e-03
171.0 9.5301101e-01 5.0927394e-03
172.0 9.5117040e-01 5.0878190e-03
173.0 9.5461072e-01 5.0970119e-03
174.0 9.5848945e-01 5.1073564e-03
175.0 9.5365273e-01 5.0944537e-03
176.0 9.5475707e-01 5.0974026e-03
177.0 9.5761155e-01 5.1050169e-03
178.0 9.5620337e-01 5.1012620e-03
179.0 9.5754738e-01 5.1048458e-03
180.0 9.5582205e-01 5.1002447e-03
181.0 9.5724123e-01 5.1040297e-03
182.0 9.5769511e-01 5.1052396e-03
183.0 9.5884758e-01 5.1083104e-03
184.0 9.5696617e-01 5.1032963e-03
185.0 9.6007782e-01 5.1115864e-03
186.0 9.6089853e-01 5.1137708e-03
187.0 9.5718377e-01 5.1038765e-03
188.0 9.5224017e-01 5.0906794e-03
189.0 9.4918446e-01 5.0825049e-03
190.0 9.4408492e-01 5.0688335e-03
191.0 9.4328161e-01 5.0666765e-03
192.0 9.4599544e-01 5.0739597e-03
193.0 9.4641682e-01 5.0750896e-03
194.0 9.4619280e-01 5.0744890e-03
195.0 9.4315655e-01 5.0663406e-03
196.0 9.4429264e-01 5.0693911e-03
197.0 9.4253724e-01 5.0646770e-03
198.0 9.4635652e-01 5.0749280e-03
199.0 9.4118948e-01 5.0610546e-03
200.0 9.4075352e-01 5.0598824e-03
201.0 9.4043587e-01 5.0590280e-03
202.0 9.3470120e-01 5.0435797e-03
203.0 9.3467930e-01 5.0435207e-03
204.0 9.3634056e-01 5.0480007e-03
205.0 9.3750818e-01 5.0511472e-03
206.0 9.3843342e-01 5.0536391e-03
207.0 9.3671667e-01 5.0490145e-03
208.0 9.3879274e-01 5.0546065e-03
209.0 9.3968205e-01 5.0570000e-03
210.0 9.3754341e-01 5.0512421e-03
211.0 9.3614387e-01 5.0474705e-03
212.0 9.3739174e-01 5.0508335e-03
213.0 9.3960640e-01 5.0567965e-03
214.0 9.3824360e-01 5.0531280e-03
215.0 9.4137842e-01 5.0615626e-03
216.0 9.3993389e-01 5.0576776e-03
217.0 9.4078390e-01 5.0599641e-03
218.0 9.4225505e-01 5.0639187e-03
219.0 9.4232002e-01 5.0640933e-03
220.0 9.4126202e-01 5.0612496e-03
221.0 9.4324575e-01 5.0665802e-03
222.0 9.4445646e-01 5.0698308e-03
223.0 9.4764375e-01 5.0783782e-03
224.0 9.4639612e-01 5.0750341e-03
225.0 9.4846916e-01 5.0805894e-03
226.0 9.4960991e-01 5.0836438e-03
227.0 9.5265074e-01 5.0917767e-03
228.0 9.5145171e-01 5.0885713e-03
229.0 9.4181497e-01 5.0627361e-03
230.0 9.3846712e-01 5.0537299e-03
231.0 9.4265201e-01 5.0649853e-03
232.0 9.4332891e-01 5.0668035e-03
233.0 9.4263804e-01 5.0649478e-03
234.0 9.4274919e-01 5.0652464e-03
235.0 9.3892493e-01 5.0549624e-03
236.0 9.3840443e-01 5.0535610e-03
237.0 9.3835384e-01 5.0534248e-03
238.0 9.3687023e-01 5.0494283e-03
239.0 9.4058248e-01 5.0594224e-03
240.0 9.4059016e-01 5.0594430e-03
241.0 9.3881986e-01 5.0546795e-03
242.0 9.3784120e-01 5.0520443e-03
243.0 9.3726798e-01 5.0505001e-03
244.0 9.3846108e-01 5.0537136e-03
245.0 9.3712826e-01 5.0501236e-03
246.0 9.3638561e-01 5.0481222e-03
247.0 9.3290892e-01 5.0387419e-03
248.0 9.3668195e-01 5.0489209e-03
249.0 9.3787735e-01 5.0521416e-03
250.0 9.3582106e-01 5.0466002e-03
251.0 9.3919133e-01 5.0556794e-03
252.0 9.3686541e-01 5.0494153e-03
253.0 9.3530799e-01 5.0452166e-03
254.0 9.4145119e-01 5.0617582e-03
255.0 9.4101232e-01 5.0605783e-03
256.0 9.3877893e-01 5.0545693e-03
257.0 9.4232500e-01 5.0641067e-03
258.0 9.3985576e-01 5.0574675e-03
259.0 9.3913352e-01 5.0555239e-03
260.0 9.4245646e-01 5.0644599e-03
261.0 9.4448947e-01 5.0699194e-03
262.0 9.4248065e-01 5.0645249e-03
263.0 9.4474897e-01 5.0706158e-03
264.0 9.4826621e-01 5.0800458e-03
265.0 9.4345794e-01 5.0671500e-03
266.0 9.4146131e-01 5.0617854e-03
267.0 9.3794104e-01 5.0523132e-03
268.0 9.3780030e-01 5.0519341e-03
269.0 9.3424267e-01 5.0423425e-03
270.0 9.3484319e-01 5.0439628e-03
271.0 9.3316996e-01 5.0394468e-03
272.0 9.3573714e-01 5.0463739e-03
273.0 9.3155314e-01 5.0350792e-03
274.0 9.3257079e-01 5.0378287e-03
275.0 9.3409283e-01 5.0419381e-03
276.0 9.3444430e-01 5.0428866e-03
277.0 9.3343065e-01 5.0401507e-03
278.0 9.4259407e-01 5.0648297e-03
279.0 9.4511526e-01 5.0715987e-03
280.0 9.4198585e-01 5.0631953e-03
281.0 9.4493098e-01 5.0711042e-03
282.0 9.4443087e-01 5.0697621e-03
283.0 9.4201184e-01 5.0632652e-03
284.0 9.4265755e-01 5.0650002e-03
285.0 9.4549835e-01 5.0726264e-03
286.0 9.4859653e-01 5.0809306e-03
287.0 9.4850286e-01 5.0806797e-03
288.0 9.5352410e-01 5.0941101e-03
289.0 9.5266283e-01 5.0918090e-03
290.0 9.5489888e-01 5.0977811e-03
291.0 9.5424136e-01 5.0960257e-03
292.0 9.5738402e-01 5.1044103e-03
293.0 9.6029589e-01 5.1121670e-03
294.0 9.6340604e-01 5.1204388e-03
295.0 9.6120886e-01 5.1145965e-03
296.0 9.5752559e-01 5.1047877e-03
297.0 9.5923477e-01 5.1093417e-03
298.0 9.6002645e-01 5.1114497e-03
299.0 9.5809633e-01 5.1063089e-03
300.0 9.5743864e-01 5.1045559e-03
301.0 9.5837277e-01 5.1070455e-03
302.0 9.6071934e-01 5.1132939e-03
303.0 9.6089357e-01 5.1137576e-03
304.0 9.6212641e-01 5.1170370e-03
305.0 9.6144013e-01 5.1152117e-03
306.0 9.6459123e-01 5.1235874e-03
307.0 9.6496374e-01 5.1245766e-03
308.0 9.6579748e-01 5.1267900e-03
309.0 9.6274231e-01 5.1186746e-03
310.0 9.6095497e-01 5.1139210e-03
311.0 9.6085703e-01 5.1136604e-03
312.0 9.5667747e-01 5.1025265e-03
313.0 9.5552617e-01 5.0994553e-03
314.0 9.5531335e-01 5.0988873e-03
315.0 9.5638734e-01 5.1017527e-03
316.0 9.5535030e-01 5.0989859e-03
317.0 9.5204875e-01 5.0901676e-03
318.0 9.4700888e-01 5.0766768e-03
319.0 9.4622131e-01 5.0745654e-03
320.0 9.4855529e-01 5.0808201e-03
321.0 9.4548491e-01 5.0725904e-03
322.0 9.4414520e-01 5.0689953e-03
323.0 9.4468946e-01 5.0704561e-03
324.0 9.4324977e-01 5.0665910e-03
325.0 9.4202580e-01 5.0633027e-03
326.0 9.4121634e-01 5.0611268e-03
327.0 9.4092589e-01 5.0603459e-03
328.0 9.4224781e-01 5.0638993e-03
329.0 9.4292817e-01 5.0657272e-03
330.0 9.4327369e-01 5.0666552e-03
331.0 9.4402620e-01 5.0686758e-03
332.0 9.4564183e-01 5.0730113e-03
333.0 9.4330251e-01 5.0667326e-03
334.0 9.4479719e-01 5.0707452e-03
335.0 9.4537669e-01 5.0723001e-03
336.0 9.4333795e-01 5.0668278e-03
337.0 9.4194732e-01 5.0630918e-03
338.0 9.3936539e-01 5.0561479e-03
339.0 9.4230749e-01 5.0640597e-03
340.0 9.4346934e-01 5.0671806e-03
341.0 9.4963976e-01 5.0837237e-03
342.0 9.5382281e-01 5.0949080e-03
343.0 9.4783584e-01 5.0788929e-03
344.0 9.5060003e-01 5.0862933e-03
345.0 9.4742299e-01 5.0777867e-03
346.0 9.4242033e-01 5.0643629e-03
347.0 9.3953835e-01 5.0566134e-03
348.0 9.4270547e-01 5.0651289e-03
349.0 9.4129572e-01 5.0613403e-03
350.0 9.4052531e-01 5.0592686e-03
351.0 9.4212987e-01 5.0635824e-03
352.0 9.4402353e-01 5.0686687e-03
353.0 9.4117317e-01 5.0610108e-03
354.0 9.4137451e-01 5.0615521e-03
355.0 9.4111293e-01 5.0608488e-03
356.0 9.4029872e-01 5.0586591e-03
357.0 9.4208091e-01 5.0634508e-03
358.0 9.3800976e-01 5.0524982e-03
359.0 9.3439029e-01 5.0427409e-03
360.0 9.3268683e-01 5.0381421e-03
361.0 9.3552396e-01 5.0457990e-03
362.0 9.3568949e-01 5.0462454e-03
363.0 9.3285450e-01 5.0385950e-03
364.0 9.3595701e-01 5.0469668e-03
365.0 9.3520423e-01 5.0449367e-03
366.0 9.3587190e-01 5.0467373e-03
367.0 9.3196553e-01 5.0361936e-03
368.0 9.3300866e-01 5.0390113e-03
369.0 9.3497662e-01 5.0443228e-03
370.0 9.3770760e-01 5.0516844e-03
371.0 9.4097980e-01 5.0604908e-03
372.0 9.3943790e-01 5.0563430e-03
373.0 9.4003053e-01 5.0579377e-03
374.0 9.3869195e-01 5.0543352e-03
375.0 9.3824506e-01 5.0531319e-03
376.0 9.3605253e-01 5.0472243e-03
377.0 9.3579406e-01 5.0465274e-03
378.0 9.3176687e-01 5.0356568e-03
379.0 9.3610429e-01 5.0473638e-03
380.0 9.3173006e-01 5.0355574e-03
381.0 9.3333828e-01 5.0399013e-03
382.0 9.3637684e-01 5.0480985e-03
383.0 9.3757089e-01 5.0513161e-03
384.0 9.4148237e-01 5.0618420e-03
385.0 9.3603929e-01 5.0471886e-03
386.0 9.3572442e-01 5.0463396e-03
387.0 9.3168549e-01 5.0354369e-03
388.0 9.2822360e-01 5.0260730e-03
389.0 9.2743289e-01 5.0239318e-03
390.0 9.2266832e-01 5.0110103e-03
391.0 9.2353666e-01 5.0133677e-03
392.0 9.2548897e-01 5.0186639e-03
393.0 9.1988934e-01 5.0034583e-03
394.0 9.1861816e-01 5.0000000e-03
395.0 9.2292130e-01 5.0116973e-03
396.0 9.2138817e-01 5.0075329e-03
397.0 9.2196521e-01 5.0091007e-03
398.0 9.2644054e-01 5.0212433e-03
399.0 9.2507656e-01 5.0175456e-03
400.0 9.2873977e-01 5.0274703e-03
401.0 9.3382581e-01 5.0412174e-03
402.0 9.3204568e-01 5.0364102e-03
403.0 9.3488486e-01 5.0440753e-03
404.0 9.3921306e-01 5.0557379e-03
405.0 9.3655724e-01 5.0485848e-03
406.0 9.3750070e-01 5.0511271e-03
407.0 9.4070708e-01 5.0597574e-03
408.0 9.4228212e-01 5.0639915e-03
409.0 9.3610837e-01 5.0473748e-03
410.0 9.3552472e-01 5.0458011e-03
411.0 9.3573901e-01 5.0463790e-03
412.0 9.3942495e-01 5.0563082e-03
413.0 9.3573784e-01 5.0463758e-03
414.0 9.3385263e-01 5.0412898e-03
415.0 9.3282408e-01 5.0385128e-03
416.0 9.3417433e-01 5.0421581e-03
417.0 9.3213644e-01 5.0366554e-03
418.0 9.3555176e-01 5.0458740e-03
419.0 9.3900306e-01 5.0551727e-03
420.0 9.4206994e-01 5.0634213e-03
421.0 9.4646375e-01 5.0752155e-03
422.0 9.4734966e-01 5.0775902e-03
423.0 9.4738079e-01 5.0776736e-03
424.0 9.4715468e-01 5.0770676e-03
425.0 9.5070581e-01 5.0865763e-03
426.0 9.5353300e-01 5.0941339e-03
427.0 9.5158468e-01 5.0889269e-03
428.0 9.5116068e-01 5.0877930e-03
429.0 9.4881859e-01 5.0815252e-03
430.0 9.5437713e-01 5.0963882e-03
431.0 9.5517829e-01 5.0985269e-03
432.0 9.5506171e-01 5.0982157e-03
433.0 9.5478821e-01 5.0974857e-03
434.0 9.5989752e-01 5.1111065e-03
435.0 9.5647838e-01 5.1019955e-03
436.0 9.5751024e-01 5.1047468e-03
437.0 9.6010790e-01 5.1116665e-03
438.0 9.6011881e-01 5.1116956e-03
439.0 9.6307947e-01 5.1195708e-03
440.0 9.6297904e-01 5.1193039e-03
441.0 9.6491784e-01 5.1244547e-03
442.0 9.6585981e-01 5.1269554e-03
443.0 9.6491268e-01 5.1244410e-03
444.0 9.6217934e-01 5.1171778e-03
445.0 9.6030393e-01 5.1121883e-03
446.0 9.5948843e-01 5.1100172e-03
447.0 9.6188480e-01 5.1163945e-03
448.0 9.5942739e-01 5.1098547e-03
449.0 9.6454024e-01 5.1234520e-03
450.0 9.6490655e-01 5.1244247e-03
451.0 9.6356923e-01 5.1208724e-03
452.0 9.6453123e-01 5.1234280e-03
453.0 9.6604141e-01 5.1274374e-03
454.0 9.6710566e-01 5.1302609e-03
455.0 9.6909642e-01 5.1355385e-03
456.0 9.6387515e-01 5.1216852e-03
457.0 9.6475109e-01 5.1240119e-03
458.0 9.5857116e-01 5.1075740e-03
459.0 9.5726358e-01 5.1040893e-03
460.0 9.6075618e-01 5.1133920e-03
461.0 9.5756094e-01 5.1048820e-03
462.0 9.5797235e-01 5.1059785e-03
463.0 9.5636617e-01 5.1016962e-03
464.0 9.5166665e-01 5.0891461e-03
465.0 9.5145902e-01 5.0885909e-03
466.0 9.5208269e-01 5.0902584e-03
467.0 9.4792672e-01 5.0791364e-03
468.0 9.4640939e-01 5.0750697e-03
469.0 9.4101250e-01 5.0605788e-03
470.0 9.4210434e-01 5.0635138e-03
471.0 9.4281860e-01 5.0654329e-03
472.0 9.4629838e-01 5.0747721e-03
473.0 9.4213672e-01 5.0636008e-03
474.0 9.3997025e-01 5.0577755e-03
475.0 9.4516321e-01 5.0717273e-03
476.0 9.4788754e-01 5.0790314e-03
477.0 9.5192579e-01 5.0898389e-03
478.0 9.5271813e-01 5.0919568e-03
479.0 9.5397208e-01 5.0953066e-03
480.0 9.5132272e-01 5.0882264e-03
481.0 9.5522226e-01 5.0986442e-03
482.0 9.5429878e-01 5.0961790e-03
483.0 9.5046961e-01 5.0859444e-03
484.0 9.5507211e-01 5.0982435e-03
485.0 9.5563751e-01 5.0997523e-03
486.0 9.5629749e-01 5.1015130e-03
487.0 9.5378199e-01 5.0947990e-03
488.0 9.5556934e-01 5.0995704e-03
489.0 9.5660075e-01 5.1023219e-03
490.0 9.5166557e-01 5.0891432e-03
491.0 9.4760129e-01 5.0782645e-03
492.0 9.4878985e-01 5.0814483e-03
493.0 9.4634108e-01 5.0748866e-03
494.0 9.4887301e-01 5.0816709e-03
495.0 9.4986493e-01 5.0843264e-03
496.0 9.4971136e-01 5.0839153e-03
497.0 9.4691052e-01 5.0764132e-03
498.0 9.4266454e-01 5.0650190e-03
499.0 9.4380785e-01 5.0680896e-03
500.0 9.4431585e-01 5.0694534e-03
501.0 9.4358376e-01 5.0674879e-03
502.0 9.4337593e-01 5.0669298e-03
503.0 9.4158077e-01 5.0621066e-03
504.0 9.4139098e-01 5.0615964e-03
505.0 9.3908719e-01 5.0553992e-03
506.0 9.3941654e-01 5.0562856e-03
507.0 9.4083764e-01 5.0601086e-03
508.0 9.3982244e-01 5.0573778e-03
509.0 9.3651306e-01 5.0484657e-03
510.0 9.4204869e-01 5.0633642e-03
511.0 9.4020585e-01 5.0584093e-03
512.0 9.4459831e-01 5.0702115e-03
513.0 9.4249587e-01 5.0645658e-03
514.0 9.3969575e-01 5.0570369e-03
515.0 9.4480222e-01 5.0707587e-03
516.0 9.5060005e-01 5.0862934e-03
517.0 9.4769367e-01 5.0785120e-03
518.0 9.5151264e-01 5.0887343e-03
519.0 9.5412568e-01 5.0957168e-03
520.0 9.5149604e-01 5.0886899e-03
521.0 9.5191433e-01 5.0898083e-03
522.0 9.4737840e-01 5.0776672e-03
523.0 9.4282161e-01 5.0654409e-03
524.0 9.4169285e-01 5.0624078e-03
525.0 9.4274249e-01 5.0652284e-03
526.0 9.4743130e-01 5.0778090e-03
527.0 9.4992978e-01 5.0844999e-03
528.0 9.5117954e-01 5.0878435e-03
529.0 9.5161323e-01 5.0890032e-03
530.0 9.5161194e-01 5.0889998e-03
531.0 9.5029739e-01 5.0854836e-03
532.0 9.5199890e-01 5.0900344e-03
533.0 9.4524631e-01 5.0719503e-03
534.0 9.4225704e-01 5.0639241e-03
535.0 9.4125479e-01 5.0612302e-03
536.0 9.4159255e-01 5.0621382e-03
537.0 9.4086711e-01 5.0601878e-03
538.0 9.3999917e-01 5.0578533e-03
539.0 9.4327453e-01 5.0666575e-03
540.0 9.4343056e-01 5.0670765e-03
541.0 9.4359081e-01 5.0675068e-03
542.0 9.4313135e-01 5.0662729e-03
543.0 9.4216451e-01 5.0636755e-03
544.0 9.4210861e-01 5.0635252e-03
545.0 9.4323407e-01 5.0665488e-03
546.0 9.4773429e-01 5.0786208e-03
547.0 9.4909266e-01 5.0822591e-03
548.0 9.4633678e-01 5.0748750e-03
549.0 9.4655305e-01 5.0754549e-03
550.0 9.4640779e-01 5.0750654e-03
551.0 9.4326970e-01 5.0666445e-03
552.0 9.3790751e-01 5.0522229e-03
553.0 9.3955488e-01 5.0566579e-03
554.0 9.4180033e-01 5.0626967e-03
555.0 9.4414377e-01 5.0689914e-03
556.0 9.4348703e-01 5.0672282e-03
557.0 9.4608965e-01 5.0742124e-03
558.0 9.4749836e-01 5.0779887e-03
559.0 9.5006414e-01 5.0848595e-03
560.0 9.5047847e-01 5.0859681e-03
561.0 9.4478767e-01 5.0707197e-03
562.0 9.4128283e-01 5.0613056e-03
563.0 9.3812629e-01 5.0528121e-03
564.0 9.3844044e-01 5.0536580e-03
565.0 9.3395400e-01 5.0415634e-03
566.0 9.3113536e-01 5.0339500e-03
567.0 9.3403677e-01 5.0417868e-03
568.0 9.3160582e-01 5.0352216e-03
569.0 9.3227021e-01 5.0370168e-03
570.0 9.3410091e-01 5.0419599e-03
571.0 9.3161916e-01 5.0352577e-03
572.0 9.2709189e-01 5.0230082e-03
573.0 9.2845223e-01 5.0266920e-03
574.0 9.3134221e-01 5.0345092e-03
575.0 9.3247189e-01 5.0375616e-03
576.0 9.2851603e-01 5.0268647e-03
577.0 9.2992233e-01 5.0306700e-03
578.0 9.3007962e-01 5.0310955e-03
579.0 9.3351919e-01 5.0403897e-03
580.0 9.3660953e-01 5.0487257e-03
581.0 9.3609247e-01 5.0473320e-03
582.0 9.3025232e-01 5.0315625e-03
583.0 9.2614131e-01 5.0204324e-03
584.0 9.2886949e-01 5.0278214e-03
585.0 9.2857106e-01 5.0270136e-03
586.0 9.3025840e-01 5.0315790e-03
587.0 9.3095948e-01 5.0334746e-03
588.0 9.3371512e-01 5.0409186e-03
589.0 9.3771797e-01 5.0517123e-03
590.0 9.3634992e-01 5.0480260e-03
591.0 9.3536398e-01 5.0453676e-03
592.0 9.3484025e-01 5.0439549e-03
593.0 9.3028829e-01 5.0316598e-03
594.0 9.3500043e-01 5.0443870e-03
595.0 9.3489954e-01 5.0441148e-03
596.0 9.3477511e-01 5.0437791e-03
597.0 9.3495826e-01 5.0442732e-03
598.0 9.3840843e-01 5.0535718e-03
599.0 9.3783751e-01 5.0520343e-03
600.0 9.3682416e-01 5.0493042e-03
601.0 9.3495364e-01 5.0442608e-03
602.0 9.3502767e-01 5.0444605e-03
603.0 9.3342731e-01 5.0401417e-03
604.0 9.3432741e-01 5.0425712e-03
605.0 9.3217805e-01 5.0367678e-03
606.0 9.3425172e-01 5.0423669e-03
607.0 9.3075172e-01 5.0329129e-03
608.0 9.3102234e-01 5.0336445e-03
609.0 9.3350119e-01 5.0403411e-03
610.0 9.3203169e-01 5.0363724e-03
611.0 9.3053274e-01 5.0323208e-03
612.0 9.2977210e-01 5.0302637e-03
613.0 9.3054968e-01 5.0323666e-03
614.0 9.2799970e-01 5.0254668e-03
615.0 9.3340580e-01 5.0400836e-03
616.0 9.3700323e-01 5.0497867e-03
617.0 9.3611554e-01 5.0473941e-03
618.0 9.3876473e-01 5.0545311e-03
619.0 9.3855808e-01 5.0539748e-03
620.0 9.3755899e-01 5.0512841e-03
621.0 9.4181402e-01 5.0627335e-03
622.0 9.3828116e-01 5.0532291e-03
623.0 9.4117897e-01 5.0610264e-03
624.0 9.3988532e-01 5.0575470e-03
625.0 9.3879139e-01 5.0546029e-03
626.0 9.4330495e-01 5.0667392e-03
627.0 9.4208010e-01 5.0634486e-03
628.0 9.3876512e-01 5.0545322e-03
629.0 9.4788283e-01 5.0790188e-03
630.0 9.4924287e-01 5.0826612e-03
631.0 9.5054294e-01 5.0861406e-03
632.0 9.5169765e-01 5.0892290e-03
633.0 9.4872282e-01 5.0812688e-03
634.0 9.4969387e-01 5.0838685e-03
635.0 9.4811579e-01 5.0796429e-03
636.0 9.5137319e-01 5.0883614e-03
637.0 9.5262798e-01 5.0917158e-03
638.0 9.5487187e-01 5.0977090e-03
639.0 9.5461623e-01 5.0970266e-03
640.0 9.5420688e-01 5.0959336e-03
641.0 9.5366599e-01 5.0944891e-03
642.0 9.5179438e-01 5.0894876e-03
643.0 9.5619044e-01 5.1012275e-03
644.0 9.5573506e-01 5.1000126e-03
645.0 9.5921197e-01 5.1092810e-03
646.0 9.5999525e-01 5.1113666e-03
647.0 9.6146886e-01 5.1152882e-03
648.0 9.5661056e-01 5.1023480e-03
649.0 9.5348526e-01 5.0940064e-03
650.0 9.5647870e-01 5.1019964e-03
651.0 9.5687437e-01 5.1030515e-03
652.0 9.5832466e-01 5.1069173e-03
653.0 9.5905072e-01 5.1088515e-03
654.0 9.5649465e-01 5.1020389e-03
655.0 9.5796912e-01 5.1059699e-03
656.0 9.5483525e-01 5.0976113e-03
657.0 9.5465710e-01 5.0971357e-03
658.0 9.5635317e-01 5.1016616e-03
659.0 9.5595241e-01 5.1005925e-03
660.0 9.5550090e-01 5.0993878e-03
661.0 9.5691449e-01 5.1031585e-03
662.0 9.6013927e-01 5.1117500e-03
663.0 9.5567862e-01 5.0998620e-03
664.0 9.5766342e-01 5.1051551e-03
665.0 9.5674573e-01 5.1027085e-03
666.0 9.5938713e-01 5.1097475e-03
667.0 9.5936615e-01 5.1096916e-03
668.0 9.5975227e-01 5.1107198e-03
669.0 9.5618771e-01 5.1012202e-03
670.0 9.5316119e-01 5.0931406e-03
671.0 9.5041312e-01 5.0857933e-03
672.0 9.4511051e-01 5.0715859e-03
673.0 9.4108219e-01 5.0607662e-03
674.0 9.4367314e-01 5.0677279e-03
675.0 9.4354277e-01 5.0673779e-03
676.0 9.4685351e-01 5.0762604e-03
677.0 9.4994167e-01 5.0845317e-03
678.0 9.5221341e-01 5.0906078e-03
679.0 9.4796411e-01 5.0792365e-03
680.0 9.5007051e-01 5.0848765e-03
681.0 9.5196372e-01 5.0899403e-03
682.0 9.5526833e-01 5.0987672e-03
683.0 9.5332497e-01 5.0935782e-03
684.0 9.5162380e-01 5.0890315e-03
685.0 9.5310481e-01 5.0929900e-03
686.0 9.5282354e-01 5.0922385e-03
687.0 9.5588137e-01 5.1004030e-03
688.0 9.4782331e-01 5.0788593e-03
689.0 9.4595341e-01 5.0738470e-03
690.0 9.5163943e-01 5.0890733e-03
691.0 9.5491635e-01 5.0978278e-03
692.0 9.5807153e-01 5.1062428e-03
693.0 9.5799914e-01 5.1060499e-03
694.0 9.5448190e-01 5.0966680e-03
695.0 9.5927587e-01 5.1094512e-03
696.0 9.6273314e-01 5.1186502e-03
697.0 9.6165563e-01 5.1157850e-03
698.0 9.5829729e-01 5.1068444e-03
699.0 9.5660218e-01 5.1023257e-03
700.0 9.5382395e-01 5.0949110e-03
701.0 9.5221800e-01 5.0906201e-03
702.0 9.4656828e-01 5.0754957e-03
703.0 9.4899155e-01 5.0819883e-03
704.0 9.5188650e-01 5.0897339e-03
705.0 9.4927409e-01 5.0827448e-03
706.0 9.5203810e-01 5.0901392e-03
707.0 9.4843649e-01 5.0805019e-03
708.0 9.4231968e-01 5.0640924e-03
709.0 9.5020740e-01 5.0852428e-03
710.0 9.5088760e-01 5.0870626e-03
711.0 9.5394638e-01 5.0952380e-03
712.0 9.5563251e-01 5.0997390e-03
713.0 9.5805144e-01 5.1061893e-03
714.0 9.5871323e-01 5.1079525e-03
715.0 9.5833554e-01 5.1069463e-03
716.0 9.5805654e-01 5.1062028e-03
717.0 9.5718286e-01 5.1038741e-03
718.0 9.5700262e-01 5.1033935e-03
719.0 9.5432306e-01 5.0962439e-03
720.0 9.5275302e-01 5.0920500e-03
721.0 9.5525476e-01 5.0987310e-03
722.0 9.5413497e-01 5.0957416e-03
723.0 9.5184671e-01 5.0896275e-03
724.0 9.5147943e-01 5.0886455e-03
725.0 9.5283361e-01 5.0922654e-03
726.0 9.5120868e-01 5.0879214e-03
727.0 9.5583912e-01 5.1002903e-03
728.0 9.5920264e-01 5.1092561e-03
729.0 9.5660379e-01 5.1023300e-03
730.0 9.6003398e-01 5.1114698e-03
731.0 9.5712898e-01 5.1037304e-03
732.0 9.5544071e-01 5.0992272e-03
733.0 9.5666357e-01 5.1024894e-03
734.0 9.5399983e-01 5.0953807e-03
735.0 9.5229676e-01 5.0908306e-03
736.0 9.5155990e-01 5.0888606e-03
737.0 9.4579096e-01 5.0734113e-03
738.0 9.4949348e-01 5.0833321e-03
739.0 9.4986169e-01 5.0843177e-03
740.0 9.4942047e-01 5.0831367e-03
741.0 9.5061530e-01 5.0863342e-03
742.0 9.4851978e-01 5.0807250e-03
743.0 9.4991678e-01 5.0844651e-03
744.0 9.4511808e-01 5.0716063e-03
745.0 9.4462520e-01 5.0702837e-03
746.0 9.4486645e-01 5.0709311e-03
747.0 9.4001180e-01 5.0578873e-03
748.0 9.4000546e-01 5.0578702e-03
749.0 9.4093503e-01 5.0603704e-03
750.0 9.4236861e-01 5.0642239e-03
751.0 9.4429755e-01 5.0694042e-03
752.0 9.4464665e-01 5.0703412e-03
753.0 9.4488696e-01 5.0709861e-03
754.0 9.4553820e-01 5.0727333e-03
755.0 9.4197230e-01 5.0631589e-03
756.0 9.3949280e-01 5.0564908e-03
757.0 9.3703655e-01 5.0498765e-03
758.0 9.3984129e-01 5.0574285e-03
759.0 9.4088619e-01 5.0602391e-03
760.0 9.4337983e-01 5.0669403e-03
761.0 9.4630809e-01 5.0747981e-03
762.0 9.4910136e-01 5.0822824e-03
763.0 9.4977690e-01 5.0840907e-03
764.0 9.5293392e-01 5.0925334e-03
765.0 9.5280499e-01 5.0921889e-03
766.0 9.5163493e-01 5.0890613e-03
767.0 9.5311588e-01 5.0930196e-03
768.0 9.4985546e-01 5.0843010e-03
769.0 9.4789249e-01 5.0790447e-03
770.0 9.5259687e-01 5.0916327e-03
771.0 9.5274676e-01 5.0920333e-03
772.0 9.5288945e-01 5.0924146e-03
773.0 9.5029611e-01 5.0854802e-03
774.0 9.5298671e-01 5.0926745e-03
775.0 9.5757856e-01 5.1049289e-03
776.0 9.5717717e-01 5.1038589e-03
777.0 9.5604871e-01 5.1008494e-03
778.0 9.5569916e-01 5.0999168e-03
779.0 9.5815343e-01 5.1064610e-03
780.0 9.5800587e-01 5.1060678e-03
781.0 9.5929018e-01 5.1094893e-03
782.0 9.5817108e-01 5.1065081e-03
783.0 9.5651595e-01 5.1020957e-03
784.0 9.5554468e-01 5.0995046e-03
785.0 9.5546400e-01 5.0992894e-03
786.0 9.5474432e-01 5.0973685e-03
787.0 9.4740798e-01 5.0777464e-03
788.0 9.4882404e-01 5.0815398e-03
789.0 9.4476442e-01 5.0706573e-03
790.0 9.4271517e-01 5.0651550e-03
791.0 9.4523060e-01 5.0719081e-03
792.0 9.5004632e-01 5.0848118e-03
793.0 9.5415445e-01 5.0957936e-03
794.0 9.5447819e-01 5.0966581e-03
795.0 9.5824414e-01 5.1067027e-03
796.0 9.5839037e-01 5.1070924e-03
797.0 9.5559922e-01 5.0996502e-03
798.0 9.5238070e-01 5.0910550e-03
799.0 9.5040173e-01 5.0857628e-03
800.0 9.4903562e-01 5.0821063e-03
801.0 9.4822239e-01 5.0799284e-03
802.0 9.4537932e-01 5.0723071e-03
803.0 9.4602865e-01 5.0740488e-03
804.0 9.4941062e-01 5.0831103e-03
805.0 9.4579127e-01 5.0734121e-03
806.0 9.5160466e-01 5.0889803e-03
807.0 9.4967181e-01 5.0838095e-03
808.0 9.4991434e-01 5.0844586e-03
809.0 9.5371122e-01 5.0946099e-03
810.0 9.5405405e-01 5.0955255e-03
811.0 9.5347753e-01 5.0939857e-03
812.0 9.5575689e-01 5.1000709e-03
813.0 9.5453149e-01 5.0968004e-03
814.0 9.5262531e-01 5.0917087e-03
815.0 9.4993682e-01 5.0845187e-03
816.0 9.5186205e-01 5.0896685e-03
817.0 9.5429399e-01 5.0961662e-03
818.0 9.5906644e-01 5.1088934e-03
819.0 9.5985530e-01 5.1109941e-03
820.0 9.5935403e-01 5.1096593e-03
821.0 9.5797950e-01 5.1059975e-03
822.0 9.5738242e-01 5.1044061e-03
823.0 9.5787072e-01 5.1057076e-03
824.0 9.5963106e-01 5.1103970e-03
825.0 9.5725958e-01 5.1040786e-03
826.0 9.5678904e-01 5.1028240e-03
827.0 9.5581582e-01 5.1002281e-03
828.0 9.5627204e-01 5.1014452e-03
829.0 9.5677211e-01 5.1027788e-03
830.0 9.4986138e-01 5.0843168e-03
831.0 9.5105078e-01 5.0874991e-03
832.0 9.4946280e-01 5.0832500e-03
833.0 9.5038561e-01 5.0857197e-03
834.0 9.4892948e-01 5.0818221e-03
835.0 9.4927280e-01 5.0827414e-03
836.0 9.5088634e-01 5.0870593e-03
837.0 9.5171305e-01 5.0892701e-03
838.0 9.4600173e-01 5.0739766e-03
839.0 9.4745730e-01 5.0778786e-03
840.0 9.4888029e-01 5.0816904e-03
841.0 9.4793272e-01 5.0791525e-03
842.0 9.4867345e-01 5.0811365e-03
843.0 9.5013075e-01 5.0850377e-03
844.0 9.4545240e-01 5.0725032e-03
845.0 9.4719195e-01 5.0771675e-03
846.0 9.4698587e-01 5.0766152e-03
847.0 9.4802304e-01 5.0793944e-03
848.0 9.4865800e-01 5.0810952e-03
849.0 9.5322285e-01 5.0933054e-03
850.0 9.5350123e-01 5.0940490e-03
851.0 9.5200993e-01 5.0900639e-03
852.0 9.4870916e-01 5.0812322e-03
853.0 9.4857861e-01 5.0808826e-03
854.0 9.4374870e-01 5.0679308e-03
855.0 9.4155286e-01 5.0620315e-03
856.0 9.4149337e-01 5.0618716e-03
857.0 9.3864094e-01 5.0541979e-03
858.0 9.3963443e-01 5.0568719e-03
859.0 9.3533158e-01 5.0452802e-03
860.0 9.3652938e-01 5.0485097e-03
861.0 9.4056770e-01 5.0593826e-03
862.0 9.4163520e-01 5.0622529e-03
863.0 9.3949286e-01 5.0564909e-03
864.0 9.3716557e-01 5.0502241e-03
865.0 9.3839869e-01 5.0535456e-03
866.0 9.4214160e-01 5.0636139e-03
867.0 9.3874886e-01 5.0544884e-03
868.0 9.3960263e-01 5.0567863e-03
869.0 9.4000840e-01 5.0578781e-03
870.0 9.3806393e-01 5.0526441e-03
871.0 9.4185632e-01 5.0628472e-03
872.0 9.4151775e-01 5.0619371e-03
873.0 9.4249654e-01 5.0645676e-03
874.0 9.3923311e-01 5.0557919e-03
875.0 9.3832882e-01 5.0533575e-03
876.0 9.3705455e-01 5.0499250e-03
877.0 9.3841251e-01 5.0535828e-03
878.0 9.3483669e-01 5.0439453e-03
879.0 9.3367957e-01 5.0408227e-03
880.0 9.2849332e-01 5.0268032e-03
881.0 9.2984436e-01 5.0304591e-03
882.0 9.2739135e-01 5.0238193e-03
883.0 9.3009644e-01 5.0311409e-03
884.0 9.3319380e-01 5.0395112e-03
885.0 9.3172146e-01 5.0355341e-03
886.0 9.3185046e-01 5.0358827e-03
887.0 9.3275956e-01 5.0383386e-03
888.0 9.3665533e-01 5.0488492e-03
889.0 9.3871724e-01 5.0544033e-03
890.0 9.3828866e-01 5.0532493e-03
891.0 9.3540759e-01 5.0454852e-03
892.0 9.3604194e-01 5.0471957e-03
893.0 9.3588935e-01 5.0467843e-03
894.0 9.4037409e-01 5.0588618e-03
895.0 9.4011615e-01 5.0581680e-03
896.0 9.4009887e-01 5.0581215e-03
897.0 9.4191812e-01 5.0630133e-03
898.0 9.4150482e-01 5.0619024e-03
899.0 9.3535007e-01 5.0453301e-03
900.0 9.3670710e-01 5.0489887e-03
901.0 9.3743179e-01 5.0509414e-03
902.0 9.3569150e-01 5.0462508e-03
903.0 9.4060559e-01 5.0594845e-03
904.0 9.4232382e-01 5.0641036e-03
905.0 9.4088773e-01 5.0602433e-03
906.0 9.4183220e-01 5.0627824e-03
907.0 9.4360904e-01 5.0675558e-03
908.0 9.4013774e-01 5.0582261e-03
909.0 9.3938668e-01 5.0562052e-03
910.0 9.4344085e-01 5.0671042e-03
911.0 9.4097753e-01 5.0604847e-03
912.0 9.4258009e-01 5.0647921e-03
913.0 9.4313144e-01 5.0662732e-03
914.0 9.4372552e-01 5.0678686e-03
915.0 9.4467525e-01 5.0704180e-03
916.0 9.4429237e-01 5.0693903e-03
917.0 9.4596541e-01 5.0738792e-03
918.0 9.4268245e-01 5.0650671e-03
919.0 9.3924320e-01 5.0558191e-03
920.0 9.4532875e-01 5.0721714e-03
921.0 9.4787665e-01 5.0790023e-03
922.0 9.4389425e-01 5.0683216e-03
923.0 9.4203896e-01 5.0633381e-03
924.0 9.4360220e-01 5.0675374e-03
925.0 9.4668391e-01 5.0758057e-03
926.0 9.4881188e-01 5.0815073e-03
927.0 9.4361422e-01 5.0675697e-03
928.0 9.4551291e-01 5.0726655e-03
929.0 9.4726433e-01 5.0773615e-03
930.0 9.4790359e-01 5.0790744e-03
931.0 9.4660682e-01 5.0755990e-03
932.0 9.4314064e-01 5.0662979e-03
933.0 9.4351050e-01 5.0672912e-03
934.0 9.4487801e-01 5.0709621e-03
935.0 9.4390353e-01 5.0683465e-03
936.0 9.4536009e-01 5.0722555e-03
937.0 9.4597852e-01 5.0739143e-03
938.0 9.4566540e-01 5.0730745e-03
939.0 9.4171414e-01 5.0624651e-03
940.0 9.4021877e-01 5.0584440e-03
941.0 9.4251944e-01 5.0646292e-03
942.0 9.3939350e-01 5.0562235e-03
943.0 9.4083262e-01 5.0600951e-03
944.0 9.4653652e-01 5.0754106e-03
945.0 9.4476301e-01 5.0706535e-03
946.0 9.4313292e-01 5.0662772e-03
947.0 9.4327298e-01 5.0666533e-03
948.0 9.4343514e-01 5.0670888e-03
949.0 9.4316200e-01 5.0663552e-03
950.0 9.4462438e-01 5.0702815e-03
951.0 9.4384263e-01 5.0681830e-03
952.0 9.4840154e-01 5.0804083e-03
953.0 9.5385986e-01 5.0950069e-03
954.0 9.5524242e-01 5.0986981e-03
955.0 9.5528188e-01 5.0988034e-03
956.0 9.5871932e-01 5.1079688e-03
957.0 9.5708851e-01 5.1036225e-03
958.0 9.5123427e-01 5.0879899e-03
959.0 9.5455898e-01 5.0968737e-03
960.0 9.5496993e-01 5.0979708e-03
961.0 9.5649793e-01 5.1020476e-03
962.0 9.5587169e-01 5.1003772e-03
963.0 9.5312876e-01 5.0930540e-03
964.0 9.5513866e-01 5.0984211e-03
965.0 9.5780245e-01 5.1055257e-03
966.0 9.5710640e-01 5.1036702e-03
967.0 9.5799138e-01 5.1060292e-03
968.0 9.5727794e-01 5.1041276e-03
969.0 9.6156087e-01 5.1155329e-03
970.0 9.6279870e-01 5.1188245e-03
971.0 9.6263342e-01 5.1183851e-03
972.0 9.6451753e-01 5.1233916e-03
973.0 9.6313074e-01 5.1197071e-03
974.0 9.6008463e-01 5.1116046e-03
975.0 9.6518530e-01 5.1251649e-03
976.0 9.6913367e-01 5.1356372e-03
977.0 9.6873000e-01 5.1345675e-03
978.0 9.7046774e-01 5.1391707e-03
979.0 9.7184150e-01 5.1428068e-03
980.0 9.7391021e-01 5.1482776e-03
981.0 9.7154086e-01 5.1420113e-03
982.0 9.6726562e-01 5.1306852e-03
983.0 9.7420067e-01 5.1490452e-03
984.0 9.7319199e-01 5.1463789e-03
985.0 9.7146596e-01 5.1418131e-03
986.0 9.7057861e-01 5.1394643e-03
987.0 9.7021807e-01 5.1385096e-03
988.0 9.6677693e-01 5.1293890e-03
989.0 9.6350120e-01 5.1206916e-03
990.0 9.6251224e-01 5.1180629e-03
991.0 9.6220240e-01 5.1172391e-03
992.0 9.6333217e-01 5.1202424e-03
993.0 9.6587997e-01 5.1270089e-03
994.0 9.6416054e-01 5.1224434e-03
995.0 9.5917551e-01 5.1091839e-03
996.0 9.6089356e-01 5.1137576e-03
997.0 9.6385725e-01 5.1216377e-03
998.0 9.6431223e-01 5.1228463e-03
999.0 9.6596774e-01 5.1272419e-03
1000.0 9.6795791e-01 5.1325209e-03
