# t   x    y    z   vx   vy   vz
0.00 -1.00 3.00 -1.00 0.00 2.00 -0.00
0.07 -1.00 3.00 -1.00 -1.00 6.00 -0.00
0.14 -2.00 3.00 -2.00 -4.00 9.00 -1.00
0.21 -2.00 3.00 -2.00 -4.00 8.00 0.00
0.29 -2.00 4.00 -2.00 -4.00 7.00 -0.00
0.36 -3.00 4.00 -2.00 -7.00 8.00 1.00
0.43 -3.00 5.00 -2.00 -8.00 12.00 -2.00
0.50 -3.00 6.00 -2.00 -4.00 9.00 -3.00
0.57 -4.00 6.00 -2.00 -3.00 8.00 -2.00
0.64 -4.00 7.00 -2.00 -4.00 5.00 -2.00
0.71 -4.00 7.00 -2.00 -8.00 6.00 -1.00
0.79 -5.00 8.00 -3.00 -7.00 11.00 -7.00
0.86 -5.00 9.00 -3.00 -8.00 6.00 -10.00
0.93 -6.00 10.00 -4.00 -9.00 11.00 -9.00
1.00 -7.00 10.00 -4.00 -7.00 11.00 -8.00
1.07 -7.00 11.00 -5.00 -4.00 11.00 -9.00
1.14 -7.00 12.00 -6.00 -5.00 15.00 -11.00
1.21 -8.00 13.00 -6.00 -9.00 15.00 -11.00
1.29 -9.00 15.00 -7.00 -8.00 17.00 -11.00
1.36 -9.00 16.00 -8.00 -11.00 17.00 -11.00
1.43 -10.00 17.00 -9.00 -11.00 14.00 -13.00
1.50 -11.00 18.00 -10.00 -14.00 23.00 -15.00
1.57 -11.00 20.00 -11.00 -10.00 22.00 -16.00
1.64 -12.00 21.00 -12.00 -15.00 25.00 -13.00
1.71 -13.00 23.00 -13.00 -13.00 26.00 -14.00
1.79 -14.00 25.00 -14.00 -15.00 25.00 -16.00
1.86 -15.00 27.00 -15.00 -19.00 27.00 -15.00
1.93 -17.00 29.00 -16.00 -25.00 31.00 -15.00
2.00 -18.00 32.00 -17.00 -22.00 34.00 -15.00
2.07 -20.00 34.00 -18.00 -23.00 40.00 -17.00
2.14 -21.00 37.00 -19.00 -18.00 40.00 -16.00
2.21 -23.00 40.00 -20.00 -19.00 40.00 -19.00
2.29 -24.00 43.00 -22.00 -23.00 38.00 -19.00
2.36 -26.00 46.00 -23.00 -24.00 44.00 -19.00
2.43 -28.00 49.00 -24.00 -24.00 45.00 -19.00
2.50 -29.00 52.00 -26.00 -25.00 49.00 -20.00
2.57 -31.00 56.00 -27.00 -25.00 54.00 -22.00
2.64 -33.00 60.00 -29.00 -25.00 54.00 -19.00
2.71 -35.00 64.00 -30.00 -26.00 56.00 -22.00
2.79 -37.00 68.00 -32.00 -28.00 58.00 -24.00
2.86 -39.00 72.00 -34.00 -32.00 63.00 -24.00
2.93 -41.00 77.00 -35.00 -30.00 66.00 -28.00
3.00 -43.00 82.00 -37.00 -30.00 72.00 -28.00
3.07 -45.00 87.00 -39.00 -34.00 79.00 -28.00
3.14 -48.00 93.00 -42.00 -34.00 83.00 -30.00
3.21 -50.00 99.00 -44.00 -37.00 84.00 -30.00
3.29 -53.00 105.00 -46.00 -41.00 91.00 -31.00
3.36 -56.00 112.00 -48.00 -44.00 99.00 -32.00
3.43 -59.00 120.00 -50.00 -43.00 112.00 -31.00
3.50 -62.00 128.00 -52.00 -41.00 121.00 -30.00
3.57 -65.00 137.00 -54.00 -44.00 134.00 -28.00
3.64 -68.00 147.00 -56.00 -45.00 149.00 -28.00
3.71 -71.00 159.00 -58.00 -43.00 171.00 -21.00
3.79 -74.00 172.00 -59.00 -43.00 192.00 -11.00
3.86 -77.00 187.00 -59.00 -36.00 227.00 10.00
3.93 -79.00 204.00 -57.00 -7.00 265.00 57.00
4.00 -77.00 223.00 -50.00 57.00 246.00 129.00
4.07 -71.00 238.00 -40.00 90.00 182.00 148.00
4.14 -65.00 249.00 -30.00 84.00 126.00 129.00
4.21 -59.00 257.00 -22.00 75.00 90.00 103.00
4.29 -54.00 263.00 -15.00 68.00 66.00 86.00
4.36 -49.00 266.00 -10.00 63.00 45.00 71.00
4.43 -45.00 269.00 -5.00 62.00 27.00 63.00
4.50 -40.00 270.00 -1.00 58.00 8.00 53.00
4.57 -36.00 270.00 3.00 53.00 -7.00 50.00
4.64 -33.00 269.00 6.00 51.00 -17.00 43.00
4.71 -29.00 268.00 9.00 52.00 -29.00 38.00
4.79 -25.00 265.00 12.00 50.00 -41.00 33.00
4.86 -22.00 262.00 14.00 49.00 -51.00 30.00
4.93 -19.00 258.00 16.00 45.00 -59.00 26.00
5.00 -15.00 254.00 18.00 43.00 -72.00 22.00
5.07 -13.00 248.00 19.00 37.00 -79.00 14.00
5.14 -10.00 242.00 20.00 37.00 -88.00 5.00
5.21 -7.00 236.00 20.00 31.00 -94.00 -6.00
5.29 -5.00 229.00 19.00 32.00 -90.00 -20.00
5.36 -3.00 222.00 17.00 36.00 -89.00 -24.00
5.43 -0.00 216.00 16.00 38.00 -99.00 -21.00
5.50 2.00 208.00 14.00 36.00 -112.00 -19.00
5.57 5.00 199.00 13.00 32.00 -130.00 -16.00
5.64 7.00 189.00 12.00 24.00 -152.00 -20.00
5.71 8.00 177.00 10.00 10.00 -175.00 -33.00
5.79 8.00 163.00 7.00 -12.00 -222.00 -50.00
5.86 4.00 145.00 2.00 -172.00 -233.00 -88.00
5.93 -4.00 135.00 -1.00 -81.00 -73.00 -14.00
6.00 -7.00 132.00 -0.00 25.00 -36.00 24.00
6.07 -5.00 132.00 2.00 79.00 -0.00 48.00
6.14 0.00 134.00 5.00 126.00 42.00 73.00
6.21 8.00 138.00 10.00 193.00 137.00 118.00
6.29 16.00 143.00 16.00 27.00 -55.00 2.00
6.36 19.00 141.00 19.00 41.00 -48.00 22.00
6.43 24.00 138.00 22.00 41.00 -27.00 17.00
6.50 27.00 137.00 24.00 40.00 -20.00 20.00
6.57 30.00 134.00 26.00 40.00 -30.00 21.00
6.64 34.00 132.00 28.00 39.00 -22.00 34.00
6.71 38.00 130.00 31.00 37.00 -26.00 34.00
6.79 41.00 128.00 33.00 43.00 -28.00 41.00
6.86 44.00 125.00 36.00 40.00 -31.00 29.00
6.93 47.00 123.00 37.00 42.00 -32.00 25.00
7.00 49.00 121.00 39.00 38.00 -29.00 22.00
7.07 52.00 119.00 41.00 38.00 -23.00 30.00
7.14 55.00 117.00 42.00 33.00 -21.00 21.00
7.21 58.00 116.00 44.00 37.00 -25.00 22.00
7.29 60.00 114.00 45.00 32.00 -27.00 21.00
7.36 63.00 112.00 47.00 30.00 -26.00 23.00
7.43 65.00 110.00 49.00 30.00 -24.00 27.00
7.50 68.00 109.00 51.00 30.00 -25.00 25.00
7.57 70.00 107.00 53.00 28.00 -28.00 24.00
7.64 71.00 105.00 54.00 31.00 -25.00 30.00
7.71 74.00 103.00 56.00 28.00 -22.00 26.00
7.79 75.00 101.00 57.00 29.00 -21.00 19.00
7.86 77.00 100.00 58.00 30.00 -17.00 19.00
7.93 79.00 99.00 59.00 33.00 -20.00 18.00
8.00 82.00 98.00 61.00 36.00 -17.00 22.00
8.07 84.00 97.00 62.00 37.00 -17.00 23.00
8.14 87.00 96.00 64.00 38.00 -20.00 23.00
8.21 90.00 95.00 66.00 38.00 -17.00 30.00
8.29 93.00 93.00 68.00 41.00 -17.00 35.00
8.36 95.00 92.00 70.00 40.00 -23.00 39.00
8.43 98.00 91.00 73.00 38.00 -23.00 37.00
8.50 100.00 89.00 75.00 35.00 -25.00 32.00
8.57 103.00 87.00 77.00 33.00 -25.00 26.00
8.64 105.00 86.00 79.00 33.00 -26.00 27.00
8.71 108.00 84.00 81.00 32.00 -26.00 20.00
8.79 110.00 82.00 83.00 27.00 -28.00 15.00
8.86 112.00 80.00 84.00 33.00 -26.00 19.00
8.93 115.00 78.00 86.00 33.00 -26.00 22.00
9.00 117.00 76.00 87.00 31.00 -24.00 20.00
9.07 119.00 74.00 89.00 29.00 -24.00 20.00
9.14 121.00 72.00 90.00 30.00 -28.00 19.00
9.21 122.00 70.00 91.00 32.00 -25.00 22.00
9.29 125.00 69.00 93.00 32.00 -26.00 21.00
9.36 127.00 67.00 94.00 29.00 -26.00 18.00
9.43 129.00 65.00 96.00 28.00 -29.00 21.00
9.50 131.00 63.00 97.00 25.00 -22.00 24.00
9.57 133.00 61.00 99.00 27.00 -17.00 27.00
9.64 135.00 61.00 101.00 29.00 -14.00 25.00
9.71 137.00 60.00 103.00 29.00 -15.00 22.00
9.79 140.00 58.00 104.00 32.00 -18.00 25.00
9.86 142.00 57.00 106.00 36.00 -16.00 26.00
9.93 145.00 56.00 108.00 37.00 -18.00 30.00
10.00 147.00 55.00 110.00 38.00 -20.00 32.00
10.07 150.00 53.00 113.00 36.00 -22.00 32.00
10.14 152.00 52.00 115.00 31.00 -20.00 35.00
10.21 154.00 50.00 117.00 33.00 -18.00 32.00
10.29 156.00 49.00 120.00 33.00 -18.00 32.00
10.36 159.00 47.00 122.00 34.00 -17.00 30.00
10.43 161.00 46.00 123.00 34.00 -20.00 24.00
10.50 163.00 44.00 125.00 30.00 -27.00 20.00
10.57 165.00 42.00 126.00 33.00 -31.00 18.00
10.64 167.00 40.00 127.00 31.00 -31.00 17.00
10.71 169.00 38.00 128.00 29.00 -30.00 18.00
10.79 171.00 36.00 130.00 25.00 -24.00 18.00
10.86 173.00 35.00 131.00 26.00 -20.00 18.00
10.93 175.00 34.00 133.00 31.00 -17.00 24.00
11.00 178.00 33.00 135.00 32.00 -17.00 27.00
11.07 180.00 31.00 137.00 30.00 -20.00 27.00
11.14 182.00 30.00 139.00 30.00 -22.00 29.00
11.21 184.00 28.00 141.00 30.00 -22.00 29.00
11.29 187.00 26.00 143.00 29.00 -18.00 29.00
11.36 189.00 25.00 145.00 30.00 -23.00 28.00
11.43 191.00 24.00 147.00 32.00 -19.00 27.00
